0.000000000000000000e+00 0.000000000000000000e+00
5.025125628140703592e-03 1.578427488240526436e-02
1.005025125628140718e-02 3.155281565633682311e-02
1.507537688442210991e-02 4.728990389742247086e-02
2.010050251256281437e-02 6.297985253385877946e-02
2.512562814070351883e-02 7.860702148362538888e-02
3.015075376884421982e-02 9.415583324485893302e-02
3.517587939698492427e-02 1.096107884238456537e-01
4.020100502512562873e-02 1.249564811851541779e-01
4.522613065326633319e-02 1.401776146085072228e-01
5.025125628140703765e-02 1.552590159370844103e-01
5.527638190954774211e-02 1.701856517020564341e-01
6.030150753768843963e-02 1.849426427082734303e-01
6.532663316582915103e-02 1.995152788661704868e-01
7.035175879396984855e-02 2.138890338551047987e-01
7.537688442211055995e-02 2.280495796035079958e-01
8.040201005025125747e-02 2.419828005714193542e-01
8.542713567839195499e-02 2.556748078211632524e-01
9.045226130653266639e-02 2.691119528621443435e-01
9.547738693467336391e-02 2.822808412559589808e-01
1.005025125628140753e-01 2.951683459682641897e-01
1.055276381909547728e-01 3.077616204540896128e-01
1.105527638190954842e-01 3.200481114635536084e-01
1.155778894472361817e-01 3.320155715552156050e-01
1.206030150753768793e-01 3.436520713045921327e-01
1.256281407035175768e-01 3.549460111956664332e-01
1.306532663316583021e-01 3.658861331835384090e-01
1.356783919597989996e-01 3.764615319166885188e-01
1.407035175879396971e-01 3.866616656076695691e-01
1.457286432160803946e-01 3.964763665413892912e-01
1.507537688442211199e-01 4.058958512105103611e-01
1.557788944723618174e-01 4.149107300678629429e-01
1.608040201005025149e-01 4.235120168861494228e-01
1.658291457286432125e-01 4.316911377156116281e-01
1.708542713567839100e-01 4.394399394307301199e-01
1.758793969849246352e-01 4.467506978574370957e-01
1.809045226130653328e-01 4.536161254727406611e-01
1.859296482412060303e-01 4.600293786690872744e-01
1.909547738693467278e-01 4.659840645762174383e-01
1.959798994974874531e-01 4.714742474337185185e-01
2.010050251256281506e-01 4.764944545079196070e-01
2.060301507537688481e-01 4.810396815472313681e-01
2.110552763819095456e-01 4.851053977704931630e-01
2.160804020100502432e-01 4.886875503833535417e-01
2.211055276381909684e-01 4.917825686181849232e-01
2.261306532663316660e-01 4.943873672935013008e-01
2.311557788944723635e-01 4.964993498893348622e-01
2.361809045226130610e-01 4.981164111355033675e-01
2.412060301507537585e-01 4.992369391101894593e-01
2.462311557788944838e-01 4.998598168467389691e-01
2.512562814070351536e-01 4.999844234470781634e-01
2.562814070351758788e-01 4.996106347006378234e-01
2.613065326633166041e-01 4.987388232081693684e-01
2.663316582914572739e-01 4.973698580103285694e-01
2.713567839195979992e-01 4.955051037213960563e-01
2.763819095477387244e-01 4.931464191690013155e-01
2.814070351758793942e-01 4.902961555412020389e-01
2.864321608040201195e-01 4.869571540427688472e-01
2.914572864321607892e-01 4.831327430630109609e-01
2.964824120603015145e-01 4.788267348579647864e-01
3.015075376884422398e-01 4.740434217502547676e-01
3.065326633165829096e-01 4.687875718504125322e-01
3.115577889447236348e-01 4.630644243039206409e-01
3.165829145728643046e-01 4.568796840687183725e-01
3.216080402010050299e-01 4.502395162283758245e-01
3.266331658291457551e-01 4.431505398466043522e-01
3.316582914572864249e-01 4.356198213692297760e-01
3.366834170854271502e-01 4.276548675802059329e-01
3.417085427135678199e-01 4.192636181186887856e-01
3.467336683417085452e-01 4.104544375646312360e-01
3.517587939698492705e-01 4.012361071007889968e-01
3.567839195979899403e-01 3.916178157594453202e-01
3.618090452261306655e-01 3.816091512625842119e-01
3.668341708542713353e-01 3.712200904646416610e-01
3.718592964824120606e-01 3.604609894073582121e-01
3.768844221105527859e-01 3.493425729966532778e-01
3.819095477386934556e-01 3.378759243118044098e-01
3.869346733668341809e-01 3.260724735575933897e-01
3.919597989949749062e-01 3.139439866704291093e-01
3.969849246231155759e-01 3.015025535898072651e-01
4.020100502512563012e-01 2.887605762067942949e-01
4.070351758793969710e-01 2.757307560015537784e-01
4.120603015075376963e-01 2.624260813822342775e-01
4.170854271356784215e-01 2.488598147378414949e-01
4.221105527638190913e-01 2.350454792180015073e-01
4.271356783919598166e-01 2.209968452527895644e-01
4.321608040201004863e-01 2.067279168260670874e-01
4.371859296482412116e-01 1.922529175160054837e-01
4.422110552763819369e-01 1.775862763167141423e-01
4.472361809045226066e-01 1.627426132551060278e-01
4.522613065326633319e-01 1.477367248173350189e-01
4.572864321608040017e-01 1.325835691993393906e-01
4.623115577889447270e-01 1.172982513961844248e-01
4.673366834170854522e-01 1.018960081450759614e-01
4.723618090452261220e-01 8.639219273704994151e-02
4.773869346733668473e-01 7.080225971247579297e-02
4.824120603015075170e-01 5.514174945563753844e-02
4.874371859296482423e-01 3.942627270373830900e-02
4.924623115577889676e-01 2.367149498577887992e-02
4.974874371859296374e-01 7.893121006818631935e-03
5.025125628140703071e-01 -7.893121006818286725e-03
5.075376884422110324e-01 -2.367149498577875849e-02
5.125628140703517577e-01 -3.942627270373818410e-02
5.175879396984924830e-01 -5.514174945563741354e-02
5.226130653266332082e-01 -7.080225971247589012e-02
5.276381909547738225e-01 -8.639219273704959456e-02
5.326633165829145478e-01 -1.018960081450758365e-01
5.376884422110552730e-01 -1.172982513961843137e-01
5.427135678391959983e-01 -1.325835691993392518e-01
5.477386934673367236e-01 -1.477367248173351022e-01
5.527638190954774489e-01 -1.627426132551059168e-01
5.577889447236180631e-01 -1.775862763167140035e-01
5.628140703517587884e-01 -1.922529175160053727e-01
5.678391959798995137e-01 -2.067279168260669764e-01
5.728643216080402389e-01 -2.209968452527896476e-01
5.778894472361809642e-01 -2.350454792180015628e-01
5.829145728643215785e-01 -2.488598147378414116e-01
5.879396984924623037e-01 -2.624260813822341665e-01
5.929648241206030290e-01 -2.757307560015536674e-01
5.979899497487437543e-01 -2.887605762067944060e-01
6.030150753768844796e-01 -3.015025535898073761e-01
6.080402010050250938e-01 -3.139439866704290538e-01
6.130653266331658191e-01 -3.260724735575932787e-01
6.180904522613065444e-01 -3.378759243118042987e-01
6.231155778894472697e-01 -3.493425729966533333e-01
6.281407035175879949e-01 -3.604609894073582121e-01
6.331658291457286092e-01 -3.712200904646414390e-01
6.381909547738693345e-01 -3.816091512625841009e-01
6.432160804020100597e-01 -3.916178157594452092e-01
6.482412060301507850e-01 -4.012361071007890523e-01
6.532663316582915103e-01 -4.104544375646312360e-01
6.582914572864321245e-01 -4.192636181186885080e-01
6.633165829145728498e-01 -4.276548675802058219e-01
6.683417085427135751e-01 -4.356198213692297205e-01
6.733668341708543004e-01 -4.431505398466043522e-01
6.783919597989950256e-01 -4.502395162283757690e-01
6.834170854271356399e-01 -4.568796840687182059e-01
6.884422110552763652e-01 -4.630644243039205299e-01
6.934673366834170904e-01 -4.687875718504125322e-01
6.984924623115578157e-01 -4.740434217502548231e-01
7.035175879396985410e-01 -4.788267348579647864e-01
7.085427135678391553e-01 -4.831327430630108499e-01
7.135678391959798805e-01 -4.869571540427688472e-01
7.185929648241206058e-01 -4.902961555412020389e-01
7.236180904522613311e-01 -4.931464191690014265e-01
7.286432160804020564e-01 -4.955051037213960008e-01
7.336683417085426706e-01 -4.973698580103284583e-01
7.386934673366833959e-01 -4.987388232081693129e-01
7.437185929648241212e-01 -4.996106347006377679e-01
7.487437185929648464e-01 -4.999844234470781634e-01
7.537688442211055717e-01 -4.998598168467389691e-01
7.587939698492462970e-01 -4.992369391101893483e-01
7.638190954773869112e-01 -4.981164111355033119e-01
7.688442211055276365e-01 -4.964993498893348622e-01
7.738693467336683618e-01 -4.943873672935013563e-01
7.788944723618090871e-01 -4.917825686181849232e-01
7.839195979899498123e-01 -4.886875503833535972e-01
7.889447236180904266e-01 -4.851053977704932185e-01
7.939698492462311519e-01 -4.810396815472313681e-01
7.989949748743718771e-01 -4.764944545079197180e-01
8.040201005025126024e-01 -4.714742474337185185e-01
8.090452261306533277e-01 -4.659840645762173827e-01
8.140703517587939420e-01 -4.600293786690872744e-01
8.190954773869346672e-01 -4.536161254727406056e-01
8.241206030150753925e-01 -4.467506978574370957e-01
8.291457286432161178e-01 -4.394399394307302309e-01
8.341708542713568431e-01 -4.316911377156115726e-01
8.391959798994974573e-01 -4.235120168861494783e-01
8.442211055276381826e-01 -4.149107300678628873e-01
8.492462311557789079e-01 -4.058958512105105276e-01
8.542713567839196331e-01 -3.964763665413893468e-01
8.592964824120603584e-01 -3.866616656076694025e-01
8.643216080402009727e-01 -3.764615319166886298e-01
8.693467336683416979e-01 -3.658861331835383535e-01
8.743718592964824232e-01 -3.549460111956665442e-01
8.793969849246231485e-01 -3.436520713045921882e-01
8.844221105527638738e-01 -3.320155715552154940e-01
8.894472361809044880e-01 -3.200481114635536084e-01
8.944723618090452133e-01 -3.077616204540898903e-01
8.994974874371859386e-01 -2.951683459682643007e-01
9.045226130653266639e-01 -2.822808412559589808e-01
9.095477386934673891e-01 -2.691119528621441215e-01
9.145728643216080034e-01 -2.556748078211633635e-01
9.195979899497487287e-01 -2.419828005714196872e-01
9.246231155778894539e-01 -2.280495796035081346e-01
9.296482412060301792e-01 -2.138890338551047710e-01
9.346733668341709045e-01 -1.995152788661702925e-01
9.396984924623115187e-01 -1.849426427082734858e-01
9.447236180904522440e-01 -1.701856517020567117e-01
9.497487437185929693e-01 -1.552590159370845491e-01
9.547738693467336946e-01 -1.401776146085071673e-01
9.597989949748744198e-01 -1.249564811851539697e-01
9.648241206030150341e-01 -1.096107884238457092e-01
9.698492462311557594e-01 -9.415583324485923833e-02
9.748743718592964846e-01 -7.860702148362552766e-02
9.798994974874372099e-01 -6.297985253385872395e-02
9.849246231155779352e-01 -4.728990389742224187e-02
9.899497487437186605e-01 -3.155281565633685781e-02
9.949748743718592747e-01 -1.578427488240556620e-02
1.000000000000000000e+00 -1.224646799147353207e-16
