0.000000000000000000e+00 2.938926261462365130e-01
5.025125628140703592e-03 2.809764002418762008e-01
1.005025125628140718e-02 2.677800909511779404e-01
1.507537688442210991e-02 2.543168526422313613e-01
2.010050251256281437e-02 2.406001057637761065e-01
2.512562814070351883e-02 2.266435234674081811e-01
3.015075376884421982e-02 2.124610179778831931e-01
3.517587939698492427e-02 1.980667267251096653e-01
4.020100502512562873e-02 1.834749982516504230e-01
4.522613065326633319e-02 1.687003779097830114e-01
5.025125628140703765e-02 1.537575933623781810e-01
5.527638190954774211e-02 1.386615399020427741e-01
6.030150753768843963e-02 1.234272656031702581e-01
6.532663316582915103e-02 1.080699563216910158e-01
7.035175879396984855e-02 9.260492055748288653e-02
7.537688442211055995e-02 7.704757419452321066e-02
8.040201005025125747e-02 6.141342513400234460e-02
8.542713567839195499e-02 4.571805783571029902e-02
9.045226130653266639e-02 2.997711778310719125e-02
9.547738693467336391e-02 1.420629588756615845e-02
1.005025125628140753e-01 -1.578687152669625482e-03
1.055276381909547728e-01 -1.736209652321866678e-02
1.105527638190954842e-01 -3.312819897836875166e-02
1.155778894472361817e-01 -4.886127852431640384e-02
1.206030150753768793e-01 -6.454565208521270692e-02
1.256281407035175768e-01 -8.016568513639449334e-02
1.306532663316583021e-01 -9.570580728921665448e-02
1.356783919597989996e-01 -1.111505278119564871e-01
1.407035175879396971e-01 -1.264844510713100945e-01
1.457286432160803946e-01 -1.416922918790957386e-01
1.507537688442211199e-01 -1.567588907288619826e-01
1.557788944723618174e-01 -1.716692289072116184e-01
1.608040201005025149e-01 -1.864084434647840238e-01
1.658291457286432125e-01 -2.009618420319642940e-01
1.708542713567839100e-01 -2.153149174645590247e-01
1.758793969849246352e-01 -2.294533623048312376e-01
1.809045226130653328e-01 -2.433630830434858061e-01
1.859296482412060303e-01 -2.570302141683871167e-01
1.909547738693467278e-01 -2.704411319860012264e-01
1.959798994974874531e-01 -2.835824682017922815e-01
2.010050251256281506e-01 -2.964411232460264500e-01
2.060301507537688481e-01 -3.090042793317108738e-01
2.110552763819095456e-01 -3.212594132316395346e-01
2.160804020100502432e-01 -3.331943087618208232e-01
2.211055276381909684e-01 -3.447970689588344961e-01
2.261306532663316660e-01 -3.560561279389828360e-01
2.311557788944723635e-01 -3.669602624274170277e-01
2.361809045226130610e-01 -3.774986029457390591e-01
2.412060301507537585e-01 -3.876606446469365030e-01
2.462311557788944838e-01 -3.974362577868408852e-01
2.512562814070351536e-01 -4.068156978216776465e-01
2.562814070351758788e-01 -4.157896151216394220e-01
2.613065326633166041e-01 -4.243490642907998822e-01
2.663316582914572739e-01 -4.324855130840792872e-01
2.713567839195979992e-01 -4.401908509123718671e-01
2.763819095477387244e-01 -4.474573969273574203e-01
2.814070351758793942e-01 -4.542779076779376313e-01
2.864321608040201195e-01 -4.606455843306664910e-01
2.914572864321607892e-01 -4.665540794469744124e-01
2.964824120603015145e-01 -4.719975033104338302e-01
3.015075376884422398e-01 -4.769704297977555574e-01
3.065326633165829096e-01 -4.814679017876677403e-01
3.115577889447236348e-01 -4.854854361022814535e-01
3.165829145728643046e-01 -4.890190279760197600e-01
3.216080402010050299e-01 -4.920651550476558000e-01
3.266331658291457551e-01 -4.946207808714783716e-01
3.316582914572864249e-01 -4.966833579440873558e-01
3.366834170854271502e-01 -4.982508302438005687e-01
3.417085427135678199e-01 -4.993216352801408964e-01
3.467336683417085452e-01 -4.998947056513606269e-01
3.517587939698492705e-01 -4.999694701084507198e-01
3.567839195979899403e-01 -4.995458541245744177e-01
3.618090452261306655e-01 -4.986242799693572092e-01
3.668341708542713353e-01 -4.972056662879588695e-01
3.718592964824120606e-01 -4.952914271853487982e-01
3.768844221105527859e-01 -4.928834708166943690e-01
3.819095477386934556e-01 -4.899841974852716109e-01
3.869346733668341809e-01 -4.865964972497893726e-01
3.919597989949749062e-01 -4.827237470435170041e-01
3.969849246231155759e-01 -4.783698073080833724e-01
4.020100502512563012e-01 -4.735390181453048020e-01
4.070351758793969710e-01 -4.682361949908770971e-01
4.120603015075376963e-01 -4.624666238142441377e-01
4.170854271356784215e-01 -4.562360558494298890e-01
4.221105527638190913e-01 -4.495507018620818473e-01
4.271356783919598166e-01 -4.424172259584450706e-01
4.321608040201004863e-01 -4.348427389424370237e-01
4.371859296482412116e-01 -4.268347912274422784e-01
4.422110552763819369e-01 -4.184013653098972441e-01
4.472361809045226066e-01 -4.095508678121640433e-01
4.522613065326633319e-01 -4.002921211026255199e-01
4.572864321608040017e-01 -3.906343545013581386e-01
4.623115577889447270e-01 -3.805871950801434922e-01
4.673366834170854522e-01 -3.701606580659949075e-01
4.723618090452261220e-01 -3.593651368577608363e-01
4.773869346733668473e-01 -3.482113926657587899e-01
4.824120603015075170e-01 -3.367105437847673355e-01
4.874371859296482423e-01 -3.248740545110672118e-01
4.924623115577889676e-01 -3.127137237145823367e-01
4.974874371859296374e-01 -3.002416730775095410e-01
5.025125628140703071e-01 -2.874703350111615374e-01
5.075376884422110324e-01 -2.744124402630693238e-01
5.125628140703517577e-01 -2.610810052266964720e-01
5.175879396984924830e-01 -2.474893189664146842e-01
5.226130653266332082e-01 -2.336509299706755194e-01
5.276381909547738225e-01 -2.195796326465826454e-01
5.326633165829145478e-01 -2.052894535693258193e-01
5.376884422110552730e-01 -1.907946375001873529e-01
5.427135678391959983e-01 -1.761096331870532772e-01
5.477386934673367236e-01 -1.612490789615872444e-01
5.527638190954774489e-01 -1.462277881474233487e-01
5.577889447236180631e-01 -1.310607342939233144e-01
5.628140703517587884e-01 -1.157630362502154869e-01
5.678391959798995137e-01 -1.003499430943991522e-01
5.728643216080402389e-01 -8.483681893293062992e-02
5.778894472361809642e-01 -6.923912758534811474e-02
5.829145728643215785e-01 -5.357241716960038647e-02
5.879396984924623037e-01 -3.785230460334332997e-02
5.929648241206030290e-01 -2.209446003665890487e-02
5.979899497487437543e-01 -6.314591231707299655e-03
6.030150753768844796e-01 9.471572095111608844e-03
6.080402010050250938e-01 2.524829395288130315e-02
6.130653266331658191e-01 4.099984776214799648e-02
6.180904522613065444e-01 5.671053203151493055e-02
6.231155778894472697e-01 7.236468600923190442e-02
6.281407035175879949e-01 8.794670529417285276e-02
6.331658291457286092e-01 1.034410573906418412e-01
6.381909547738693345e-01 1.188322971915039966e-01
6.432160804020100597e-01 1.341050823742021836e-01
6.482412060301507850e-01 1.492441886943190188e-01
6.532663316582915103e-01 1.642345251614346080e-01
6.582914572864321245e-01 1.790611490821535645e-01
6.633165829145728498e-01 1.937092809553081496e-01
6.683417085427135751e-01 2.081643192044843604e-01
6.733668341708543004e-01 2.224118547331922491e-01
6.783919597989950256e-01 2.364376852881663604e-01
6.834170854271356399e-01 2.502278296164803240e-01
6.884422110552763652e-01 2.637685414023649977e-01
6.934673366834170904e-01 2.770463229698332253e-01
6.984924623115578157e-01 2.900479387374579887e-01
7.035175879396985410e-01 3.027604284118874944e-01
7.085427135678391553e-01 3.151711199069471281e-01
7.135678391959798805e-01 3.272676419754518284e-01
7.185929648241206058e-01 3.390379365411325119e-01
7.236180904522613311e-01 3.504702707183897648e-01
7.286432160804020564e-01 3.615532485078892244e-01
7.336683417085426706e-01 3.722758221563413072e-01
7.386934673366833959e-01 3.826273031691431181e-01
7.437185929648241212e-01 3.925973729649002708e-01
7.487437185929648464e-01 4.021760931612147760e-01
7.537688442211055717e-01 4.113539154814802590e-01
7.587939698492462970e-01 4.201216912728118480e-01
7.638190954773869112e-01 4.284706806256219358e-01
7.688442211055276365e-01 4.363925610857531945e-01
7.738693467336683618e-01 4.438794359504803499e-01
7.788944723618090871e-01 4.509238421401163266e-01
7.839195979899498123e-01 4.575187576373721532e-01
7.889447236180904266e-01 4.636576084870558390e-01
7.939698492462311519e-01 4.693342753491352437e-01
7.989949748743718771e-01 4.745430995986280598e-01
8.040201005025126024e-01 4.792788889662423779e-01
8.090452261306533277e-01 4.835369227141445569e-01
8.140703517587939420e-01 4.873129563416921939e-01
8.190954773869346672e-01 4.906032258164456650e-01
8.241206030150753925e-01 4.934044513262368925e-01
8.291457286432161178e-01 4.957138405485574939e-01
8.341708542713568431e-01 4.975290914340070869e-01
8.391959798994974573e-01 4.988483945010254161e-01
8.442211055276381826e-01 4.996704346396236285e-01
8.492462311557789079e-01 4.999943924223140823e-01
8.542713567839196331e-01 4.998199449209337342e-01
8.592964824120603584e-01 4.991472660285456442e-01
8.643216080402009727e-01 4.979770262860991337e-01
8.693467336683416979e-01 4.963103922140193469e-01
8.743718592964824232e-01 4.941490251493946273e-01
8.793969849246231485e-01 4.914950795899197256e-01
8.844221105527638738e-01 4.883512010462454644e-01
8.894472361809044880e-01 4.847205234048761469e-01
8.944723618090452133e-01 4.806066658042432160e-01
8.994974874371859386e-01 4.760137290270700094e-01
9.045226130653266639e-01 4.709462914126213984e-01
9.095477386934673891e-01 4.654094042929163288e-01
9.145728643216080034e-01 4.594085869574502934e-01
9.195979899497487287e-01 4.529498211514466632e-01
9.246231155778894539e-01 4.460395451131239919e-01
9.296482412060301792e-01 4.386846471559195382e-01
9.346733668341709045e-01 4.308924588020687230e-01
9.396984924623115187e-01 4.226707474743847670e-01
9.447236180904522440e-01 4.140277087535217948e-01
9.497487437185929693e-01 4.049719582084423397e-01
9.547738693467336946e-01 3.955125228082315147e-01
9.597989949748744198e-01 3.856588319238164475e-01
9.648241206030150341e-01 3.754207079285658000e-01
9.698492462311557594e-01 3.648083564071324947e-01
9.748743718592964846e-01 3.538323559823073894e-01
9.798994974874372099e-01 3.425036477700157955e-01
9.849246231155779352e-01 3.308335244729769253e-01
9.899497487437186605e-01 3.188336191238906880e-01
9.949748743718592747e-01 3.065158934893794096e-01
1.000000000000000000e+00 2.938926261462365686e-01
