0.000000000000000000e+00 4.755282581475768211e-01
5.025125628140703592e-03 4.801688588754531306e-01
1.005025125628140718e-02 4.843308168422570947e-01
1.507537688442210991e-02 4.880099833177743984e-01
2.010050251256281437e-02 4.912026908288490423e-01
2.512562814070351883e-02 4.939057568152001587e-01
3.015075376884421982e-02 4.961164868018668739e-01
3.517587939698492427e-02 4.978326770851207450e-01
4.020100502512562873e-02 4.990526169291640279e-01
4.522613065326633319e-02 4.997750902714295229e-01
5.025125628140703765e-02 4.999993769347774175e-01
5.527638190954774211e-02 4.997252533453841461e-01
6.030150753768843963e-02 4.989529927556048960e-01
6.532663316582915103e-02 4.976833649715906582e-01
7.035175879396984855e-02 4.959176355859279406e-01
7.537688442211055995e-02 4.936575647160687530e-01
8.040201005025125747e-02 4.909054052498073584e-01
8.542713567839195499e-02 4.876639005995527798e-01
9.045226130653266639e-02 4.839362819676356620e-01
9.547738693467336391e-02 4.797262651253750843e-01
1.005025125628140753e-01 4.750380467091174785e-01
1.055276381909547728e-01 4.698763000369378662e-01
1.105527638190954842e-01 4.642461704501747444e-01
1.155778894472361817e-01 4.581532701844428512e-01
1.206030150753768793e-01 4.516036727752327784e-01
1.256281407035175768e-01 4.446039070036807428e-01
1.306532663316583021e-01 4.371609503885360848e-01
1.356783919597989996e-01 4.292822222308196878e-01
1.407035175879396971e-01 4.209755762181032201e-01
1.457286432160803946e-01 4.122492925957818577e-01
1.507537688442211199e-01 4.031120699131468532e-01
1.557788944723618174e-01 3.935730163524809866e-01
1.608040201005025149e-01 3.836416406498257547e-01
1.658291457286432125e-01 3.733278426164660102e-01
1.708542713567839100e-01 3.626419032705818779e-01
1.758793969849246352e-01 3.515944745889073575e-01
1.809045226130653328e-01 3.401965688886083305e-01
1.859296482412060303e-01 3.284595478499642285e-01
1.909547738693467278e-01 3.163951111907995495e-01
1.959798994974874531e-01 3.040152850039484211e-01
2.010050251256281506e-01 2.913324097693871240e-01
2.060301507537688481e-01 2.783591280529714718e-01
2.110552763819095456e-01 2.651083719040549513e-01
2.160804020100502432e-01 2.515933499645401916e-01
2.211055276381909684e-01 2.378275343022151211e-01
2.261306532663316660e-01 2.238246469815080575e-01
2.311557788944723635e-01 2.095986463850285642e-01
2.361809045226130610e-01 1.951637132995541479e-01
2.412060301507537585e-01 1.805342367803103587e-01
2.462311557788944838e-01 1.657247998076474826e-01
2.512562814070351536e-01 1.507501647504116415e-01
2.562814070351758788e-01 1.356252586504899105e-01
2.613065326633166041e-01 1.203651583432146371e-01
2.663316582914572739e-01 1.049850754284434307e-01
2.713567839195979992e-01 8.950034110730556436e-02
2.763819095477387244e-01 7.392639089973028488e-02
2.814070351758793942e-01 5.827874925798023908e-02
2.864321608040201195e-01 4.257301409154408411e-02
2.914572864321607892e-01 2.682484121879858546e-02
2.964824120603015145e-01 1.104992876094819734e-02
3.015075376884422398e-01 -4.735998506200672468e-03
3.065326633165829096e-01 -2.051720482704171011e-02
3.115577889447236348e-01 -3.627795915191011494e-02
3.165829145728643046e-01 -5.200255081813544983e-02
3.216080402010050299e-01 -6.767530521077184946e-02
3.266331658291457551e-01 -8.328059938739537649e-02
3.316582914572864249e-01 -9.880287765139179890e-02
3.366834170854271502e-01 -1.142266670582146315e-01
3.417085427135678199e-01 -1.295365928391520038e-01
3.467336683417085452e-01 -1.447173937272305255e-01
3.517587939698492705e-01 -1.597539371699783217e-01
3.567839195979899403e-01 -1.746312344138815920e-01
3.618090452261306655e-01 -1.893344554455021200e-01
3.668341708542713353e-01 -2.038489437743544186e-01
3.718592964824120606e-01 -2.181602310428164548e-01
3.768844221105527859e-01 -2.322540514485023633e-01
3.819095477386934556e-01 -2.461163559647235877e-01
3.869346733668341809e-01 -2.597333263448665663e-01
3.919597989949749062e-01 -2.730913888967186898e-01
3.969849246231155759e-01 -2.861772280130219781e-01
4.020100502512563012e-01 -2.989777994447591070e-01
4.070351758793969710e-01 -3.114803433039441405e-01
4.120603015075376963e-01 -3.236723967829578386e-01
4.170854271356784215e-01 -3.355418065777433512e-01
4.221105527638190913e-01 -3.470767410024855337e-01
4.271356783919598166e-01 -3.582657017836921032e-01
4.321608040201004863e-01 -3.690975355219227594e-01
4.371859296482412116e-01 -3.795614448097403559e-01
4.422110552763819369e-01 -3.896469989948010970e-01
4.472361809045226066e-01 -3.993441445773562304e-01
4.522613065326633319e-01 -4.086432152317990285e-01
4.572864321608040017e-01 -4.175349414422681593e-01
4.623115577889447270e-01 -4.260104597427029072e-01
4.673366834170854522e-01 -4.340613215521386126e-01
4.723618090452261220e-01 -4.416795015964363191e-01
4.773869346733668473e-01 -4.488574059080504552e-01
4.824120603015075170e-01 -4.555878793958607065e-01
4.874371859296482423e-01 -4.618642129775221150e-01
4.924623115577889676e-01 -4.676801502672253141e-01
4.974874371859296374e-01 -4.730298938121965668e-01
5.025125628140703071e-01 -4.779081108717261328e-01
5.075376884422110324e-01 -4.823099387329593535e-01
5.125628140703517577e-01 -4.862309895581546360e-01
5.175879396984924830e-01 -4.896673547585757569e-01
5.226130653266332082e-01 -4.926156088906579744e-01
5.276381909547738225e-01 -4.950728130705649987e-01
5.326633165829145478e-01 -4.970365179037316561e-01
5.376884422110552730e-01 -4.985047659264746356e-01
5.427135678391959983e-01 -4.994760935572336025e-01
5.477386934673367236e-01 -4.999495325555022851e-01
5.527638190954774489e-01 -4.999246109869908694e-01
5.577889447236180631e-01 -4.994013536940609677e-01
5.628140703517587884e-01 -4.983802822709617053e-01
5.678391959798995137e-01 -4.968624145438935713e-01
5.728643216080402389e-01 -4.948492635564170627e-01
5.778894472361809642e-01 -4.923428360612175925e-01
5.829145728643215785e-01 -4.893456305197315115e-01
5.879396984924623037e-01 -4.858606346116245978e-01
5.929648241206030290e-01 -4.818913222566085230e-01
5.979899497487437543e-01 -4.774416501515620914e-01
6.030150753768844796e-01 -4.725160538264095988e-01
6.080402010050250938e-01 -4.671194432226879467e-01
6.130653266331658191e-01 -4.612571977992105943e-01
6.180904522613065444e-01 -4.549351611697058373e-01
6.231155778894472697e-01 -4.481596352777751924e-01
6.281407035175879949e-01 -4.409373741149797410e-01
6.331658291457286092e-01 -4.332755769883138153e-01
6.381909547738693345e-01 -4.251818813437791000e-01
6.432160804020100597e-01 -4.166643551532132062e-01
6.482412060301507850e-01 -4.077314888719589248e-01
6.532663316582915103e-01 -3.983921869753943579e-01
6.582914572864321245e-01 -3.886557590827580677e-01
6.633165829145728498e-01 -3.785319106771175557e-01
6.683417085427135751e-01 -3.680307334307336142e-01
6.733668341708543004e-01 -3.571626951454614507e-01
6.783919597989950256e-01 -3.459386293182180605e-01
6.834170854271356399e-01 -3.343697243419175291e-01
6.884422110552763652e-01 -3.224675123526360987e-01
6.934673366834170904e-01 -3.102438577341302128e-01
6.984924623115578157e-01 -2.977109452911592680e-01
7.035175879396985410e-01 -2.848812681034080252e-01
7.085427135678391553e-01 -2.717676150721127226e-01
7.135678391959798805e-01 -2.583830581718056241e-01
7.185929648241206058e-01 -2.447409394198878374e-01
7.236180904522613311e-01 -2.308548575770154598e-01
7.286432160804020564e-01 -2.167386545915591378e-01
7.336683417085426706e-01 -2.024064018016493161e-01
7.386934673366833959e-01 -1.878723859085591752e-01
7.437185929648241212e-01 -1.731510947354120422e-01
7.487437185929648464e-01 -1.582572027854028396e-01
7.537688442211055717e-01 -1.432055566139344427e-01
7.587939698492462970e-01 -1.280111600292486718e-01
7.638190954773869112e-01 -1.126891591363038125e-01
7.688442211055276365e-01 -9.725482723880687908e-02
7.738693467336683618e-01 -8.172354961445413291e-02
7.788944723618090871e-01 -6.611080817855034819e-02
7.839195979899498123e-01 -5.043216605129929170e-02
7.889447236180904266e-01 -3.470325204414743958e-02
7.939698492462311519e-01 -1.893974508064335746e-02
7.989949748743718771e-01 -3.157358567347898996e-03
8.040201005025126024e-01 1.262817526963262889e-02
8.090452261306533277e-01 2.840112106687121829e-02
8.140703517587939420e-01 4.414575600897228946e-02
8.190954773869346672e-01 5.984638550141740954e-02
8.241206030150753925e-01 7.548735881527630920e-02
8.291457286432161178e-01 9.105308468819531265e-02
8.341708542713568431e-01 1.065280468661062852e-01
8.391959798994974573e-01 1.218968195701658347e-01
8.442211055276381826e-01 1.371440828735085160e-01
8.492462311557789079e-01 1.522546379724810106e-01
8.542713567839196331e-01 1.672134223371416206e-01
8.592964824120603584e-01 1.820055247259171616e-01
8.643216080402009727e-01 1.966162000494526552e-01
8.693467336683416979e-01 2.110308840688383814e-01
8.743718592964824232e-01 2.252352079135580276e-01
8.793969849246231485e-01 2.392150124046923398e-01
8.844221105527638738e-01 2.529563621690967268e-01
8.894472361809044880e-01 2.664455595304836000e-01
8.944723618090452133e-01 2.796691581635654122e-01
8.994974874371859386e-01 2.926139764976420921e-01
9.045226130653266639e-01 3.052671108562788338e-01
9.095477386934673891e-01 3.176159483199709199e-01
9.145728643216080034e-01 3.296481792989762738e-01
9.195979899497487287e-01 3.413518098037826021e-01
9.246231155778894539e-01 3.527151734009759121e-01
9.296482412060301792e-01 3.637269428425961570e-01
9.346733668341709045e-01 3.743761413573837848e-01
9.396984924623115187e-01 3.846521535926638591e-01
9.447236180904522440e-01 3.945447361959616983e-01
9.497487437185929693e-01 4.040440280257976413e-01
9.547738693467336946e-01 4.131405599814882423e-01
9.597989949748744198e-01 4.218252644421520148e-01
9.648241206030150341e-01 4.300894843055104722e-01
9.698492462311557594e-01 4.379249816174766163e-01
9.748743718592964846e-01 4.453239457839263116e-01
9.798994974874372099e-01 4.522790013564681466e-01
9.849246231155779352e-01 4.587832153844512706e-01
9.899497487437186605e-01 4.648301043258812326e-01
9.949748743718592747e-01 4.704136405103553908e-01
1.000000000000000000e+00 4.755282581475767101e-01
