0.000000000000000000e+00 -2.881480650678000521e-01
5.000000000000000104e-03 -3.004634445789633457e-01
1.000000000000000021e-02 -3.124823029457184376e-01
1.499999999999999944e-02 -3.241927790059118131e-01
2.000000000000000042e-02 -3.355833159334948856e-01
2.500000000000000139e-02 -3.466426726437162875e-01
2.999999999999999889e-02 -3.573599348867154690e-01
3.500000000000000333e-02 -3.677245260185691977e-01
4.000000000000000083e-02 -3.777262174391626259e-01
4.499999999999999833e-02 -3.873551386865825008e-01
5.000000000000000278e-02 -3.966017871780713744e-01
5.500000000000000028e-02 -4.054570375879295030e-01
5.999999999999999778e-02 -4.139121508531097282e-01
6.500000000000000222e-02 -4.219587827976175598e-01
7.000000000000000666e-02 -4.295889923672052690e-01
7.499999999999999722e-02 -4.367952494662342144e-01
8.000000000000000167e-02 -4.435704423889694770e-01
8.500000000000000611e-02 -4.499078848379753359e-01
8.999999999999999667e-02 -4.558013225226833498e-01
9.500000000000000111e-02 -4.612449393316220281e-01
1.000000000000000056e-01 -4.662333630722167999e-01
1.049999999999999961e-01 -4.707616707724953664e-01
1.100000000000000006e-01 -4.748253935394667336e-01
1.150000000000000050e-01 -4.784205209693791483e-01
1.199999999999999956e-01 -4.815435051055042548e-01
1.250000000000000000e-01 -4.841912639395421492e-01
1.300000000000000044e-01 -4.863611844531914308e-01
1.350000000000000089e-01 -4.880511251968828734e-01
1.400000000000000133e-01 -4.892594184031313631e-01
1.449999999999999900e-01 -4.899848716324214370e-01
1.499999999999999944e-01 -4.902267689500007242e-01
1.549999999999999989e-01 -4.899848716324214370e-01
1.600000000000000033e-01 -4.892594184031313631e-01
1.650000000000000078e-01 -4.880511251968828734e-01
1.700000000000000122e-01 -4.863611844531914863e-01
1.750000000000000167e-01 -4.841912639395422602e-01
1.799999999999999933e-01 -4.815435051055043658e-01
1.849999999999999978e-01 -4.784205209693792593e-01
1.900000000000000022e-01 -4.748253935394668446e-01
1.950000000000000067e-01 -4.707616707724954774e-01
2.000000000000000111e-01 -4.662333630722169109e-01
2.050000000000000155e-01 -4.612449393316221391e-01
2.099999999999999922e-01 -4.558013225226834608e-01
2.149999999999999967e-01 -4.499078848379754469e-01
2.200000000000000011e-01 -4.435704423889695880e-01
2.250000000000000056e-01 -4.367952494662342700e-01
2.300000000000000100e-01 -4.295889923672053246e-01
2.350000000000000144e-01 -4.219587827976175598e-01
2.399999999999999911e-01 -4.139121508531097837e-01
2.449999999999999956e-01 -4.054570375879295030e-01
2.500000000000000000e-01 -3.966017871780713744e-01
2.550000000000000044e-01 -3.873551386865825563e-01
2.600000000000000089e-01 -3.777262174391626814e-01
2.650000000000000133e-01 -3.677245260185691977e-01
2.700000000000000178e-01 -3.573599348867154690e-01
2.750000000000000222e-01 -3.466426726437163430e-01
2.800000000000000266e-01 -3.355833159334949412e-01
2.850000000000000311e-01 -3.241927790059119241e-01
2.899999999999999800e-01 -3.124823029457185486e-01
2.949999999999999845e-01 -3.004634445789634012e-01
2.999999999999999889e-01 -2.881480650678001076e-01
3.049999999999999933e-01 -2.755483182049524027e-01
3.099999999999999978e-01 -2.626766384193880421e-01
3.150000000000000022e-01 -2.495457285050385610e-01
3.200000000000000067e-01 -2.361685470846755508e-01
3.250000000000000111e-01 -2.225582958213141727e-01
3.300000000000000155e-01 -2.087284063897658637e-01
3.350000000000000200e-01 -1.946925272211967317e-01
3.400000000000000244e-01 -1.804645100337740060e-01
3.450000000000000289e-01 -1.660583961626922456e-01
3.500000000000000333e-01 -1.514884027030710678e-01
3.549999999999999822e-01 -1.367689084793984322e-01
3.599999999999999867e-01 -1.219144398553670822e-01
3.649999999999999911e-01 -1.069396563981071524e-01
3.699999999999999956e-01 -9.185933641096347135e-02
3.750000000000000000e-01 -7.668836234909426341e-02
3.800000000000000044e-01 -6.144170613228469580e-02
3.850000000000000089e-01 -4.613441436946963403e-02
3.900000000000000133e-01 -3.078159350954726148e-02
3.950000000000000178e-01 -1.539839493313778160e-02
4.000000000000000222e-01 -4.597017211338538800e-17
4.050000000000000266e-01 1.539839493313769313e-02
4.100000000000000311e-01 3.078159350954717821e-02
4.150000000000000355e-01 4.613441436946956464e-02
4.199999999999999845e-01 6.144170613228462641e-02
4.249999999999999889e-01 7.668836234909420790e-02
4.299999999999999933e-01 9.185933641096341584e-02
4.349999999999999978e-01 1.069396563981070969e-01
4.400000000000000022e-01 1.219144398553670267e-01
4.450000000000000067e-01 1.367689084793983767e-01
4.500000000000000111e-01 1.514884027030710123e-01
4.550000000000000155e-01 1.660583961626922178e-01
4.600000000000000200e-01 1.804645100337739783e-01
4.650000000000000244e-01 1.946925272211967317e-01
4.700000000000000289e-01 2.087284063897658359e-01
4.750000000000000333e-01 2.225582958213141449e-01
4.799999999999999822e-01 2.361685470846755508e-01
4.849999999999999867e-01 2.495457285050385610e-01
4.899999999999999911e-01 2.626766384193880421e-01
4.949999999999999956e-01 2.755483182049524027e-01
5.000000000000000000e-01 2.881480650678001076e-01
5.050000000000000044e-01 3.004634445789634012e-01
5.100000000000000089e-01 3.124823029457185486e-01
5.150000000000000133e-01 3.241927790059119241e-01
5.200000000000000178e-01 3.355833159334949412e-01
5.250000000000000222e-01 3.466426726437163430e-01
5.300000000000000266e-01 3.573599348867154690e-01
5.350000000000000311e-01 3.677245260185691977e-01
5.400000000000000355e-01 3.777262174391626814e-01
5.450000000000000400e-01 3.873551386865825563e-01
5.500000000000000444e-01 3.966017871780713744e-01
5.550000000000000488e-01 4.054570375879295030e-01
5.600000000000000533e-01 4.139121508531097837e-01
5.650000000000000577e-01 4.219587827976175598e-01
5.700000000000000622e-01 4.295889923672053246e-01
5.750000000000000666e-01 4.367952494662342700e-01
5.799999999999999600e-01 4.435704423889695880e-01
5.849999999999999645e-01 4.499078848379754469e-01
5.899999999999999689e-01 4.558013225226834608e-01
5.949999999999999734e-01 4.612449393316221391e-01
5.999999999999999778e-01 4.662333630722169109e-01
6.049999999999999822e-01 4.707616707724954774e-01
6.099999999999999867e-01 4.748253935394668446e-01
6.149999999999999911e-01 4.784205209693792593e-01
6.199999999999999956e-01 4.815435051055043658e-01
6.250000000000000000e-01 4.841912639395422602e-01
6.300000000000000044e-01 4.863611844531915418e-01
6.350000000000000089e-01 4.880511251968829844e-01
6.400000000000000133e-01 4.892594184031314741e-01
6.450000000000000178e-01 4.899848716324215481e-01
6.500000000000000222e-01 4.902267689500008352e-01
6.550000000000000266e-01 4.899848716324215481e-01
6.600000000000000311e-01 4.892594184031314741e-01
6.650000000000000355e-01 4.880511251968829844e-01
6.700000000000000400e-01 4.863611844531915418e-01
6.750000000000000444e-01 4.841912639395422602e-01
6.800000000000000488e-01 4.815435051055043658e-01
6.850000000000000533e-01 4.784205209693792593e-01
6.900000000000000577e-01 4.748253935394668446e-01
6.950000000000000622e-01 4.707616707724954219e-01
7.000000000000000666e-01 4.662333630722168554e-01
7.049999999999999600e-01 4.612449393316221391e-01
7.099999999999999645e-01 4.558013225226834053e-01
7.149999999999999689e-01 4.499078848379753914e-01
7.199999999999999734e-01 4.435704423889694770e-01
7.249999999999999778e-01 4.367952494662341589e-01
7.299999999999999822e-01 4.295889923672052135e-01
7.349999999999999867e-01 4.219587827976174488e-01
7.399999999999999911e-01 4.139121508531096727e-01
7.449999999999999956e-01 4.054570375879293920e-01
7.500000000000000000e-01 3.966017871780712634e-01
7.550000000000000044e-01 3.873551386865824453e-01
7.600000000000000089e-01 3.777262174391625704e-01
7.650000000000000133e-01 3.677245260185691977e-01
7.700000000000000178e-01 3.573599348867154690e-01
7.750000000000000222e-01 3.466426726437163430e-01
7.800000000000000266e-01 3.355833159334949412e-01
7.850000000000000311e-01 3.241927790059119241e-01
7.900000000000000355e-01 3.124823029457185486e-01
7.950000000000000400e-01 3.004634445789634012e-01
8.000000000000000444e-01 2.881480650678001076e-01
8.050000000000000488e-01 2.755483182049524027e-01
8.100000000000000533e-01 2.626766384193880421e-01
8.150000000000000577e-01 2.495457285050385610e-01
8.200000000000000622e-01 2.361685470846755508e-01
8.250000000000000666e-01 2.225582958213141449e-01
8.300000000000000711e-01 2.087284063897658359e-01
8.349999999999999645e-01 1.946925272211967317e-01
8.399999999999999689e-01 1.804645100337739783e-01
8.449999999999999734e-01 1.660583961626922178e-01
8.499999999999999778e-01 1.514884027030710123e-01
8.549999999999999822e-01 1.367689084793983767e-01
8.599999999999999867e-01 1.219144398553670267e-01
8.649999999999999911e-01 1.069396563981070969e-01
8.699999999999999956e-01 9.185933641096342972e-02
8.750000000000000000e-01 7.668836234909423566e-02
8.800000000000000044e-01 6.144170613228466804e-02
8.850000000000000089e-01 4.613441436946960628e-02
8.900000000000000133e-01 3.078159350954723372e-02
8.950000000000000178e-01 1.539839493313775558e-02
9.000000000000000222e-01 1.908195823574487804e-17
9.050000000000000266e-01 -1.539839493313772088e-02
9.100000000000000311e-01 -3.078159350954720597e-02
9.150000000000000355e-01 -4.613441436946959240e-02
9.200000000000000400e-01 -6.144170613228465416e-02
9.250000000000000444e-01 -7.668836234909423566e-02
9.300000000000000488e-01 -9.185933641096344360e-02
9.350000000000000533e-01 -1.069396563981071246e-01
9.400000000000000577e-01 -1.219144398553670405e-01
9.450000000000000622e-01 -1.367689084793983767e-01
9.500000000000000666e-01 -1.514884027030710123e-01
9.550000000000000711e-01 -1.660583961626922178e-01
9.599999999999999645e-01 -1.804645100337739783e-01
9.649999999999999689e-01 -1.946925272211967317e-01
9.699999999999999734e-01 -2.087284063897658637e-01
9.749999999999999778e-01 -2.225582958213141449e-01
9.799999999999999822e-01 -2.361685470846754953e-01
9.849999999999999867e-01 -2.495457285050385055e-01
9.899999999999999911e-01 -2.626766384193879311e-01
9.949999999999999956e-01 -2.755483182049523472e-01
1.000000000000000000e+00 -2.881480650678000521e-01
