0.000000000000000000e+00 -2.688821387764050996e-17
5.000000000000000104e-03 1.494913214978050263e-02
1.000000000000000021e-02 2.988351131095979760e-02
1.499999999999999944e-02 4.478839905435522128e-02
2.000000000000000042e-02 5.964908605525293117e-02
2.500000000000000139e-02 7.445090660973555097e-02
2.999999999999999889e-02 8.917925310796123717e-02
3.500000000000000333e-02 1.038195904501110767e-01
4.000000000000000083e-02 1.183574703907777081e-01
4.499999999999999833e-02 1.327785457976392025e-01
5.000000000000000278e-02 1.470685848103465698e-01
5.500000000000000028e-02 1.612134848856515423e-01
5.999999999999999778e-02 1.751992867149142485e-01
6.500000000000000222e-02 1.890121880002555987e-01
7.000000000000000666e-02 2.026385570757587018e-01
7.499999999999999722e-02 2.160649463602774822e-01
8.000000000000000167e-02 2.292781056285757846e-01
8.500000000000000611e-02 2.422649950876998304e-01
8.999999999999999667e-02 2.550127982456796283e-01
9.500000000000000111e-02 2.675089345598591906e-01
1.000000000000000056e-01 2.797410718523732909e-01
1.049999999999999961e-01 2.916971384805180367e-01
1.100000000000000006e-01 3.033653352500047529e-01
1.150000000000000050e-01 3.147341470593404411e-01
1.199999999999999956e-01 3.257923542638426206e-01
1.250000000000000000e-01 3.365290437480740193e-01
1.300000000000000044e-01 3.469336196957698570e-01
1.350000000000000089e-01 3.569958140466295005e-01
1.400000000000000133e-01 3.667056966296521336e-01
1.449999999999999900e-01 3.760536849630164991e-01
1.499999999999999944e-01 3.850305537108340004e-01
1.549999999999999989e-01 3.936274437874410781e-01
1.600000000000000033e-01 4.018358711002470995e-01
1.650000000000000078e-01 4.096477349225098319e-01
1.700000000000000122e-01 4.170553258877744973e-01
1.750000000000000167e-01 4.240513335980875542e-01
1.799999999999999933e-01 4.306288538384772102e-01
1.849999999999999978e-01 4.367813953905799185e-01
1.900000000000000022e-01 4.425028864386890137e-01
1.950000000000000067e-01 4.477876805619040446e-01
2.000000000000000111e-01 4.526305623064663664e-01
2.050000000000000155e-01 4.570267523327822268e-01
2.099999999999999922e-01 4.609719121320541291e-01
2.149999999999999967e-01 4.644621483078650859e-01
2.200000000000000011e-01 4.674940164184908653e-01
2.250000000000000056e-01 4.700645243761482073e-01
2.300000000000000100e-01 4.721711353998240823e-01
2.350000000000000144e-01 4.738117705187723239e-01
2.399999999999999911e-01 4.749848106242069434e-01
2.449999999999999956e-01 4.756890980671665270e-01
2.500000000000000000e-01 4.759239378009746391e-01
2.550000000000000044e-01 4.756890980671665270e-01
2.600000000000000089e-01 4.749848106242069434e-01
2.650000000000000133e-01 4.738117705187723239e-01
2.700000000000000178e-01 4.721711353998240823e-01
2.750000000000000222e-01 4.700645243761482073e-01
2.800000000000000266e-01 4.674940164184908653e-01
2.850000000000000311e-01 4.644621483078650859e-01
2.899999999999999800e-01 4.609719121320541291e-01
2.949999999999999845e-01 4.570267523327822268e-01
2.999999999999999889e-01 4.526305623064663664e-01
3.049999999999999933e-01 4.477876805619040446e-01
3.099999999999999978e-01 4.425028864386890137e-01
3.150000000000000022e-01 4.367813953905799185e-01
3.200000000000000067e-01 4.306288538384772102e-01
3.250000000000000111e-01 4.240513335980875542e-01
3.300000000000000155e-01 4.170553258877744973e-01
3.350000000000000200e-01 4.096477349225098319e-01
3.400000000000000244e-01 4.018358711002470995e-01
3.450000000000000289e-01 3.936274437874410781e-01
3.500000000000000333e-01 3.850305537108340004e-01
3.549999999999999822e-01 3.760536849630164435e-01
3.599999999999999867e-01 3.667056966296520226e-01
3.649999999999999911e-01 3.569958140466293894e-01
3.699999999999999956e-01 3.469336196957697460e-01
3.750000000000000000e-01 3.365290437480739083e-01
3.800000000000000044e-01 3.257923542638425096e-01
3.850000000000000089e-01 3.147341470593403301e-01
3.900000000000000133e-01 3.033653352500046418e-01
3.950000000000000178e-01 2.916971384805179257e-01
4.000000000000000222e-01 2.797410718523732354e-01
4.050000000000000266e-01 2.675089345598591906e-01
4.100000000000000311e-01 2.550127982456796283e-01
4.150000000000000355e-01 2.422649950876998304e-01
4.199999999999999845e-01 2.292781056285757846e-01
4.249999999999999889e-01 2.160649463602774822e-01
4.299999999999999933e-01 2.026385570757587018e-01
4.349999999999999978e-01 1.890121880002556265e-01
4.400000000000000022e-01 1.751992867149143041e-01
4.450000000000000067e-01 1.612134848856515978e-01
4.500000000000000111e-01 1.470685848103466253e-01
4.550000000000000155e-01 1.327785457976392580e-01
4.600000000000000200e-01 1.183574703907777637e-01
4.650000000000000244e-01 1.038195904501111322e-01
4.700000000000000289e-01 8.917925310796129268e-02
4.750000000000000333e-01 7.445090660973559260e-02
4.799999999999999822e-01 5.964908605525297280e-02
4.849999999999999867e-01 4.478839905435526292e-02
4.899999999999999911e-01 2.988351131095983923e-02
4.949999999999999956e-01 1.494913214978054426e-02
5.000000000000000000e-01 1.387778780781445676e-17
5.050000000000000044e-01 -1.494913214978051651e-02
5.100000000000000089e-01 -2.988351131095981147e-02
5.150000000000000133e-01 -4.478839905435523516e-02
5.200000000000000178e-01 -5.964908605525294505e-02
5.250000000000000222e-01 -7.445090660973555097e-02
5.300000000000000266e-01 -8.917925310796123717e-02
5.350000000000000311e-01 -1.038195904501110767e-01
5.400000000000000355e-01 -1.183574703907777081e-01
5.450000000000000400e-01 -1.327785457976392025e-01
5.500000000000000444e-01 -1.470685848103465698e-01
5.550000000000000488e-01 -1.612134848856515423e-01
5.600000000000000533e-01 -1.751992867149142485e-01
5.650000000000000577e-01 -1.890121880002555987e-01
5.700000000000000622e-01 -2.026385570757587018e-01
5.750000000000000666e-01 -2.160649463602774822e-01
5.799999999999999600e-01 -2.292781056285757846e-01
5.849999999999999645e-01 -2.422649950876998304e-01
5.899999999999999689e-01 -2.550127982456796283e-01
5.949999999999999734e-01 -2.675089345598591906e-01
5.999999999999999778e-01 -2.797410718523732354e-01
6.049999999999999822e-01 -2.916971384805179257e-01
6.099999999999999867e-01 -3.033653352500046418e-01
6.149999999999999911e-01 -3.147341470593403301e-01
6.199999999999999956e-01 -3.257923542638425096e-01
6.250000000000000000e-01 -3.365290437480739083e-01
6.300000000000000044e-01 -3.469336196957697460e-01
6.350000000000000089e-01 -3.569958140466293894e-01
6.400000000000000133e-01 -3.667056966296520226e-01
6.450000000000000178e-01 -3.760536849630163880e-01
6.500000000000000222e-01 -3.850305537108338894e-01
6.550000000000000266e-01 -3.936274437874409671e-01
6.600000000000000311e-01 -4.018358711002469885e-01
6.650000000000000355e-01 -4.096477349225097209e-01
6.700000000000000400e-01 -4.170553258877743863e-01
6.750000000000000444e-01 -4.240513335980874432e-01
6.800000000000000488e-01 -4.306288538384770992e-01
6.850000000000000533e-01 -4.367813953905798074e-01
6.900000000000000577e-01 -4.425028864386889027e-01
6.950000000000000622e-01 -4.477876805619039335e-01
7.000000000000000666e-01 -4.526305623064662553e-01
7.049999999999999600e-01 -4.570267523327821158e-01
7.099999999999999645e-01 -4.609719121320540181e-01
7.149999999999999689e-01 -4.644621483078649748e-01
7.199999999999999734e-01 -4.674940164184907543e-01
7.249999999999999778e-01 -4.700645243761480963e-01
7.299999999999999822e-01 -4.721711353998239713e-01
7.349999999999999867e-01 -4.738117705187722128e-01
7.399999999999999911e-01 -4.749848106242068324e-01
7.449999999999999956e-01 -4.756890980671664160e-01
7.500000000000000000e-01 -4.759239378009745280e-01
7.550000000000000044e-01 -4.756890980671664160e-01
7.600000000000000089e-01 -4.749848106242068324e-01
7.650000000000000133e-01 -4.738117705187723239e-01
7.700000000000000178e-01 -4.721711353998240268e-01
7.750000000000000222e-01 -4.700645243761481518e-01
7.800000000000000266e-01 -4.674940164184907543e-01
7.850000000000000311e-01 -4.644621483078649748e-01
7.900000000000000355e-01 -4.609719121320540181e-01
7.950000000000000400e-01 -4.570267523327822268e-01
8.000000000000000444e-01 -4.526305623064663664e-01
8.050000000000000488e-01 -4.477876805619040446e-01
8.100000000000000533e-01 -4.425028864386890137e-01
8.150000000000000577e-01 -4.367813953905799185e-01
8.200000000000000622e-01 -4.306288538384772102e-01
8.250000000000000666e-01 -4.240513335980875542e-01
8.300000000000000711e-01 -4.170553258877744973e-01
8.349999999999999645e-01 -4.096477349225098319e-01
8.399999999999999689e-01 -4.018358711002470995e-01
8.449999999999999734e-01 -3.936274437874410781e-01
8.499999999999999778e-01 -3.850305537108340004e-01
8.549999999999999822e-01 -3.760536849630164991e-01
8.599999999999999867e-01 -3.667056966296521336e-01
8.649999999999999911e-01 -3.569958140466295005e-01
8.699999999999999956e-01 -3.469336196957698570e-01
8.750000000000000000e-01 -3.365290437480740193e-01
8.800000000000000044e-01 -3.257923542638426206e-01
8.850000000000000089e-01 -3.147341470593404411e-01
8.900000000000000133e-01 -3.033653352500047529e-01
8.950000000000000178e-01 -2.916971384805180367e-01
9.000000000000000222e-01 -2.797410718523732909e-01
9.050000000000000266e-01 -2.675089345598591906e-01
9.100000000000000311e-01 -2.550127982456796283e-01
9.150000000000000355e-01 -2.422649950876998304e-01
9.200000000000000400e-01 -2.292781056285757846e-01
9.250000000000000444e-01 -2.160649463602774822e-01
9.300000000000000488e-01 -2.026385570757587018e-01
9.350000000000000533e-01 -1.890121880002556265e-01
9.400000000000000577e-01 -1.751992867149143041e-01
9.450000000000000622e-01 -1.612134848856515978e-01
9.500000000000000666e-01 -1.470685848103466253e-01
9.550000000000000711e-01 -1.327785457976392580e-01
9.599999999999999645e-01 -1.183574703907777637e-01
9.649999999999999689e-01 -1.038195904501111322e-01
9.699999999999999734e-01 -8.917925310796129268e-02
9.749999999999999778e-01 -7.445090660973559260e-02
9.799999999999999822e-01 -5.964908605525297974e-02
9.849999999999999867e-01 -4.478839905435526986e-02
9.899999999999999911e-01 -2.988351131095985311e-02
9.949999999999999956e-01 -1.494913214978055641e-02
1.000000000000000000e+00 -2.688821387764050996e-17
