0.000000000000000000e+00 -4.708578756185544112e-01
5.000000000000000104e-03 -4.658199723039908591e-01
1.000000000000000021e-02 -4.603223609158901830e-01
1.499999999999999944e-02 -4.543704669329575729e-01
2.000000000000000042e-02 -4.479701641559734049e-01
2.500000000000000139e-02 -4.411277689110606470e-01
2.999999999999999889e-02 -4.338500338162337711e-01
3.500000000000000333e-02 -4.261441411173795268e-01
4.000000000000000083e-02 -4.180176956002480959e-01
4.499999999999999833e-02 -4.094787170854471969e-01
5.000000000000000278e-02 -4.005356325138476059e-01
5.500000000000000028e-02 -3.911972676302097884e-01
5.999999999999999778e-02 -3.814728382732394674e-01
6.500000000000000222e-02 -3.713719412806673059e-01
7.000000000000000666e-02 -3.609045450183289150e-01
7.499999999999999722e-02 -3.500809795425912641e-01
8.000000000000000167e-02 -3.389119264058339520e-01
8.500000000000000611e-02 -3.274084081150467895e-01
8.999999999999999667e-02 -3.155817772539462052e-01
9.500000000000000111e-02 -3.034437052793457212e-01
1.000000000000000056e-01 -2.910061710028370441e-01
1.049999999999999961e-01 -2.782814487691493421e-01
1.100000000000000006e-01 -2.652820963428529355e-01
1.150000000000000050e-01 -2.520209425153617788e-01
1.199999999999999956e-01 -2.385110744444650932e-01
1.250000000000000000e-01 -2.247658247388827080e-01
1.300000000000000044e-01 -2.107987583005899446e-01
1.350000000000000089e-01 -1.966236589378970168e-01
1.400000000000000133e-01 -1.822545157624944068e-01
1.449999999999999900e-01 -1.677055093838885347e-01
1.499999999999999944e-01 -1.529909979148523225e-01
1.549999999999999989e-01 -1.381255028017011610e-01
1.600000000000000033e-01 -1.231236944933787464e-01
1.650000000000000078e-01 -1.080003779634951533e-01
1.700000000000000122e-01 -9.277047809960525804e-02
1.750000000000000167e-01 -7.744902497414660192e-02
1.799999999999999933e-01 -6.205113901157253975e-02
1.849999999999999978e-01 -4.659201606631885317e-02
1.900000000000000022e-01 -3.108691242632998647e-02
1.950000000000000067e-01 -1.555112975694475028e-02
2.000000000000000111e-01 -5.724587470723463412e-17
2.050000000000000155e-01 1.555112975694463578e-02
2.099999999999999922e-01 3.108691242632986851e-02
2.149999999999999967e-01 4.659201606631874215e-02
2.200000000000000011e-01 6.205113901157242179e-02
2.250000000000000056e-01 7.744902497414649090e-02
2.300000000000000100e-01 9.277047809960517477e-02
2.350000000000000144e-01 1.080003779634950978e-01
2.399999999999999911e-01 1.231236944933786909e-01
2.449999999999999956e-01 1.381255028017011055e-01
2.500000000000000000e-01 1.529909979148522670e-01
2.550000000000000044e-01 1.677055093838885069e-01
2.600000000000000089e-01 1.822545157624944068e-01
2.650000000000000133e-01 1.966236589378970168e-01
2.700000000000000178e-01 2.107987583005899446e-01
2.750000000000000222e-01 2.247658247388827080e-01
2.800000000000000266e-01 2.385110744444650932e-01
2.850000000000000311e-01 2.520209425153617788e-01
2.899999999999999800e-01 2.652820963428529355e-01
2.949999999999999845e-01 2.782814487691493421e-01
2.999999999999999889e-01 2.910061710028370441e-01
3.049999999999999933e-01 3.034437052793457212e-01
3.099999999999999978e-01 3.155817772539462052e-01
3.150000000000000022e-01 3.274084081150467895e-01
3.200000000000000067e-01 3.389119264058338965e-01
3.250000000000000111e-01 3.500809795425912085e-01
3.300000000000000155e-01 3.609045450183288040e-01
3.350000000000000200e-01 3.713719412806671949e-01
3.400000000000000244e-01 3.814728382732393563e-01
3.450000000000000289e-01 3.911972676302097329e-01
3.500000000000000333e-01 4.005356325138476059e-01
3.549999999999999822e-01 4.094787170854471414e-01
3.599999999999999867e-01 4.180176956002480404e-01
3.649999999999999911e-01 4.261441411173795268e-01
3.699999999999999956e-01 4.338500338162337711e-01
3.750000000000000000e-01 4.411277689110606470e-01
3.800000000000000044e-01 4.479701641559734049e-01
3.850000000000000089e-01 4.543704669329575729e-01
3.900000000000000133e-01 4.603223609158901830e-01
3.950000000000000178e-01 4.658199723039908591e-01
4.000000000000000222e-01 4.708578756185544112e-01
4.050000000000000266e-01 4.754310990572426232e-01
4.100000000000000311e-01 4.795351294006535703e-01
4.150000000000000355e-01 4.831659164663237860e-01
4.199999999999999845e-01 4.863198771057697933e-01
4.249999999999999889e-01 4.889938987406227122e-01
4.299999999999999933e-01 4.911853424343675112e-01
4.349999999999999978e-01 4.928920454966546627e-01
4.400000000000000022e-01 4.941123236176144240e-01
4.450000000000000067e-01 4.948449725300673174e-01
4.500000000000000111e-01 4.950892691979905669e-01
4.550000000000000155e-01 4.948449725300673174e-01
4.600000000000000200e-01 4.941123236176144240e-01
4.650000000000000244e-01 4.928920454966546627e-01
4.700000000000000289e-01 4.911853424343675112e-01
4.750000000000000333e-01 4.889938987406227122e-01
4.799999999999999822e-01 4.863198771057697933e-01
4.849999999999999867e-01 4.831659164663237860e-01
4.899999999999999911e-01 4.795351294006535703e-01
4.949999999999999956e-01 4.754310990572426232e-01
5.000000000000000000e-01 4.708578756185544112e-01
5.050000000000000044e-01 4.658199723039908591e-01
5.100000000000000089e-01 4.603223609158901830e-01
5.150000000000000133e-01 4.543704669329575729e-01
5.200000000000000178e-01 4.479701641559734049e-01
5.250000000000000222e-01 4.411277689110606470e-01
5.300000000000000266e-01 4.338500338162336600e-01
5.350000000000000311e-01 4.261441411173794158e-01
5.400000000000000355e-01 4.180176956002479849e-01
5.450000000000000400e-01 4.094787170854470859e-01
5.500000000000000444e-01 4.005356325138474949e-01
5.550000000000000488e-01 3.911972676302096774e-01
5.600000000000000533e-01 3.814728382732393563e-01
5.650000000000000577e-01 3.713719412806671949e-01
5.700000000000000622e-01 3.609045450183288040e-01
5.750000000000000666e-01 3.500809795425912085e-01
5.799999999999999600e-01 3.389119264058338965e-01
5.849999999999999645e-01 3.274084081150467895e-01
5.899999999999999689e-01 3.155817772539462052e-01
5.949999999999999734e-01 3.034437052793457212e-01
5.999999999999999778e-01 2.910061710028370441e-01
6.049999999999999822e-01 2.782814487691493421e-01
6.099999999999999867e-01 2.652820963428529355e-01
6.149999999999999911e-01 2.520209425153617788e-01
6.199999999999999956e-01 2.385110744444650932e-01
6.250000000000000000e-01 2.247658247388827080e-01
6.300000000000000044e-01 2.107987583005899446e-01
6.350000000000000089e-01 1.966236589378970168e-01
6.400000000000000133e-01 1.822545157624944068e-01
6.450000000000000178e-01 1.677055093838885069e-01
6.500000000000000222e-01 1.529909979148522670e-01
6.550000000000000266e-01 1.381255028017011055e-01
6.600000000000000311e-01 1.231236944933786909e-01
6.650000000000000355e-01 1.080003779634950978e-01
6.700000000000000400e-01 9.277047809960520253e-02
6.750000000000000444e-01 7.744902497414654641e-02
6.800000000000000488e-01 6.205113901157249118e-02
6.850000000000000533e-01 4.659201606631881848e-02
6.900000000000000577e-01 3.108691242632995871e-02
6.950000000000000622e-01 1.555112975694473119e-02
7.000000000000000666e-01 4.423544863740858091e-17
7.049999999999999600e-01 -1.555112975694464619e-02
7.099999999999999645e-01 -3.108691242632988239e-02
7.149999999999999689e-01 -4.659201606631875603e-02
7.199999999999999734e-01 -6.205113901157244261e-02
7.249999999999999778e-01 -7.744902497414651865e-02
7.299999999999999822e-01 -9.277047809960518865e-02
7.349999999999999867e-01 -1.080003779634951117e-01
7.399999999999999911e-01 -1.231236944933787186e-01
7.449999999999999956e-01 -1.381255028017011333e-01
7.500000000000000000e-01 -1.529909979148523225e-01
7.550000000000000044e-01 -1.677055093838885624e-01
7.600000000000000089e-01 -1.822545157624944345e-01
7.650000000000000133e-01 -1.966236589378970168e-01
7.700000000000000178e-01 -2.107987583005899446e-01
7.750000000000000222e-01 -2.247658247388827080e-01
7.800000000000000266e-01 -2.385110744444650654e-01
7.850000000000000311e-01 -2.520209425153617233e-01
7.900000000000000355e-01 -2.652820963428528245e-01
7.950000000000000400e-01 -2.782814487691492311e-01
8.000000000000000444e-01 -2.910061710028369331e-01
8.050000000000000488e-01 -3.034437052793456102e-01
8.100000000000000533e-01 -3.155817772539460941e-01
8.150000000000000577e-01 -3.274084081150466785e-01
8.200000000000000622e-01 -3.389119264058338410e-01
8.250000000000000666e-01 -3.500809795425911530e-01
8.300000000000000711e-01 -3.609045450183288040e-01
8.349999999999999645e-01 -3.713719412806671949e-01
8.399999999999999689e-01 -3.814728382732393563e-01
8.449999999999999734e-01 -3.911972676302097329e-01
8.499999999999999778e-01 -4.005356325138476059e-01
8.549999999999999822e-01 -4.094787170854471414e-01
8.599999999999999867e-01 -4.180176956002480404e-01
8.649999999999999911e-01 -4.261441411173795268e-01
8.699999999999999956e-01 -4.338500338162337711e-01
8.750000000000000000e-01 -4.411277689110606470e-01
8.800000000000000044e-01 -4.479701641559734049e-01
8.850000000000000089e-01 -4.543704669329575729e-01
8.900000000000000133e-01 -4.603223609158901275e-01
8.950000000000000178e-01 -4.658199723039908036e-01
9.000000000000000222e-01 -4.708578756185543002e-01
9.050000000000000266e-01 -4.754310990572425122e-01
9.100000000000000311e-01 -4.795351294006534593e-01
9.150000000000000355e-01 -4.831659164663236750e-01
9.200000000000000400e-01 -4.863198771057696823e-01
9.250000000000000444e-01 -4.889938987406226012e-01
9.300000000000000488e-01 -4.911853424343674002e-01
9.350000000000000533e-01 -4.928920454966545517e-01
9.400000000000000577e-01 -4.941123236176143130e-01
9.450000000000000622e-01 -4.948449725300672064e-01
9.500000000000000666e-01 -4.950892691979904559e-01
9.550000000000000711e-01 -4.948449725300672064e-01
9.599999999999999645e-01 -4.941123236176143130e-01
9.649999999999999689e-01 -4.928920454966545517e-01
9.699999999999999734e-01 -4.911853424343674557e-01
9.749999999999999778e-01 -4.889938987406227122e-01
9.799999999999999822e-01 -4.863198771057697933e-01
9.849999999999999867e-01 -4.831659164663237860e-01
9.899999999999999911e-01 -4.795351294006535703e-01
9.949999999999999956e-01 -4.754310990572426232e-01
1.000000000000000000e+00 -4.708578756185544112e-01
