0.000000000000000000e+00 2.853180299104643991e-01
5.000000000000000104e-03 2.728420309776504737e-01
1.000000000000000021e-02 2.600967699008792100e-01
1.499999999999999944e-02 2.470948247140793697e-01
2.000000000000000042e-02 2.338490267674064593e-01
2.500000000000000139e-02 2.203724480642492711e-01
2.999999999999999889e-02 2.066783883607407335e-01
3.500000000000000333e-02 1.927803620405043605e-01
4.000000000000000083e-02 1.786920847775891885e-01
4.499999999999999833e-02 1.644274600007553933e-01
5.000000000000000278e-02 1.500005651724686806e-01
5.500000000000000028e-02 1.354256378961444240e-01
5.999999999999999778e-02 1.207170618653520822e-01
6.500000000000000222e-02 1.058893526688461373e-01
7.000000000000000666e-02 9.095714346543251616e-02
7.499999999999999722e-02 7.593517054280751744e-02
8.000000000000000167e-02 6.083825877462101239e-02
8.500000000000000611e-02 4.568130699011595242e-02
8.999999999999999667e-02 3.047927327078268217e-02
9.500000000000000111e-02 1.524716018853840976e-02
1.000000000000000056e-01 5.204170427930421283e-18
1.049999999999999961e-01 -1.524716018853839589e-02
1.100000000000000006e-01 -3.047927327078266829e-02
1.150000000000000050e-01 -4.568130699011593854e-02
1.199999999999999956e-01 -6.083825877462100545e-02
1.250000000000000000e-01 -7.593517054280751744e-02
1.300000000000000044e-01 -9.095714346543251616e-02
1.350000000000000089e-01 -1.058893526688461373e-01
1.400000000000000133e-01 -1.207170618653520683e-01
1.449999999999999900e-01 -1.354256378961443963e-01
1.499999999999999944e-01 -1.500005651724686251e-01
1.549999999999999989e-01 -1.644274600007553377e-01
1.600000000000000033e-01 -1.786920847775891608e-01
1.650000000000000078e-01 -1.927803620405043328e-01
1.700000000000000122e-01 -2.066783883607406780e-01
1.750000000000000167e-01 -2.203724480642492156e-01
1.799999999999999933e-01 -2.338490267674064316e-01
1.849999999999999978e-01 -2.470948247140793419e-01
1.900000000000000022e-01 -2.600967699008791545e-01
1.950000000000000067e-01 -2.728420309776504737e-01
2.000000000000000111e-01 -2.853180299104643436e-01
2.050000000000000155e-01 -2.975124543946198186e-01
2.099999999999999922e-01 -3.094132700054016971e-01
2.149999999999999967e-01 -3.210087320746050077e-01
2.200000000000000011e-01 -3.322873972811046794e-01
2.250000000000000056e-01 -3.432381349440314922e-01
2.300000000000000100e-01 -3.538501380074108305e-01
2.350000000000000144e-01 -3.641129337054216930e-01
2.399999999999999911e-01 -3.740163938977525415e-01
2.449999999999999956e-01 -3.835507450648527605e-01
2.500000000000000000e-01 -3.927065779532166179e-01
2.550000000000000044e-01 -4.014748568611804513e-01
2.600000000000000089e-01 -4.098469285560690789e-01
2.650000000000000133e-01 -4.178145308138921932e-01
2.700000000000000178e-01 -4.253698005731616494e-01
2.750000000000000222e-01 -4.325052816947837497e-01
2.800000000000000266e-01 -4.392139323203685386e-01
2.850000000000000311e-01 -4.454891318216938068e-01
2.899999999999999800e-01 -4.513246873344657906e-01
2.949999999999999845e-01 -4.567148398699285017e-01
2.999999999999999889e-01 -4.616542699982904008e-01
3.049999999999999933e-01 -4.661381030983594576e-01
3.099999999999999978e-01 -4.701619141682056302e-01
3.150000000000000022e-01 -4.737217321921036173e-01
3.200000000000000067e-01 -4.768140440594458296e-01
3.250000000000000111e-01 -4.794357980317585088e-01
3.300000000000000155e-01 -4.815844067543992302e-01
3.350000000000000200e-01 -4.832577498099633884e-01
3.400000000000000244e-01 -4.844541758108803498e-01
3.450000000000000289e-01 -4.851725040291333668e-01
3.500000000000000333e-01 -4.854120255614959856e-01
3.549999999999999822e-01 -4.851725040291334223e-01
3.599999999999999867e-01 -4.844541758108804053e-01
3.649999999999999911e-01 -4.832577498099634994e-01
3.699999999999999956e-01 -4.815844067543993412e-01
3.750000000000000000e-01 -4.794357980317586199e-01
3.800000000000000044e-01 -4.768140440594459406e-01
3.850000000000000089e-01 -4.737217321921037283e-01
3.900000000000000133e-01 -4.701619141682057412e-01
3.950000000000000178e-01 -4.661381030983595686e-01
4.000000000000000222e-01 -4.616542699982905118e-01
4.050000000000000266e-01 -4.567148398699286127e-01
4.100000000000000311e-01 -4.513246873344659016e-01
4.150000000000000355e-01 -4.454891318216939178e-01
4.199999999999999845e-01 -4.392139323203686496e-01
4.249999999999999889e-01 -4.325052816947838608e-01
4.299999999999999933e-01 -4.253698005731617604e-01
4.349999999999999978e-01 -4.178145308138922487e-01
4.400000000000000022e-01 -4.098469285560690789e-01
4.450000000000000067e-01 -4.014748568611804513e-01
4.500000000000000111e-01 -3.927065779532166734e-01
4.550000000000000155e-01 -3.835507450648528716e-01
4.600000000000000200e-01 -3.740163938977525970e-01
4.650000000000000244e-01 -3.641129337054217485e-01
4.700000000000000289e-01 -3.538501380074108305e-01
4.750000000000000333e-01 -3.432381349440315477e-01
4.799999999999999822e-01 -3.322873972811047905e-01
4.849999999999999867e-01 -3.210087320746051187e-01
4.899999999999999911e-01 -3.094132700054017526e-01
4.949999999999999956e-01 -2.975124543946198741e-01
5.000000000000000000e-01 -2.853180299104643991e-01
5.050000000000000044e-01 -2.728420309776504737e-01
5.100000000000000089e-01 -2.600967699008792100e-01
5.150000000000000133e-01 -2.470948247140793974e-01
5.200000000000000178e-01 -2.338490267674064871e-01
5.250000000000000222e-01 -2.203724480642492711e-01
5.300000000000000266e-01 -2.066783883607407335e-01
5.350000000000000311e-01 -1.927803620405043883e-01
5.400000000000000355e-01 -1.786920847775892163e-01
5.450000000000000400e-01 -1.644274600007553933e-01
5.500000000000000444e-01 -1.500005651724686806e-01
5.550000000000000488e-01 -1.354256378961444518e-01
5.600000000000000533e-01 -1.207170618653521238e-01
5.650000000000000577e-01 -1.058893526688461928e-01
5.700000000000000622e-01 -9.095714346543255779e-02
5.750000000000000666e-01 -7.593517054280755907e-02
5.799999999999999600e-01 -6.083825877462105403e-02
5.849999999999999645e-01 -4.568130699011599405e-02
5.899999999999999689e-01 -3.047927327078272033e-02
5.949999999999999734e-01 -1.524716018853844099e-02
5.999999999999999778e-01 -3.295974604355933479e-17
6.049999999999999822e-01 1.524716018853837333e-02
6.099999999999999867e-01 3.047927327078265095e-02
6.149999999999999911e-01 4.568130699011592466e-02
6.199999999999999956e-01 6.083825877462098464e-02
6.250000000000000000e-01 7.593517054280748968e-02
6.300000000000000044e-01 9.095714346543250228e-02
6.350000000000000089e-01 1.058893526688461373e-01
6.400000000000000133e-01 1.207170618653520822e-01
6.450000000000000178e-01 1.354256378961444240e-01
6.500000000000000222e-01 1.500005651724686806e-01
6.550000000000000266e-01 1.644274600007553933e-01
6.600000000000000311e-01 1.786920847775891885e-01
6.650000000000000355e-01 1.927803620405043605e-01
6.700000000000000400e-01 2.066783883607407335e-01
6.750000000000000444e-01 2.203724480642492711e-01
6.800000000000000488e-01 2.338490267674064593e-01
6.850000000000000533e-01 2.470948247140793697e-01
6.900000000000000577e-01 2.600967699008792100e-01
6.950000000000000622e-01 2.728420309776504737e-01
7.000000000000000666e-01 2.853180299104643991e-01
7.049999999999999600e-01 2.975124543946198741e-01
7.099999999999999645e-01 3.094132700054017526e-01
7.149999999999999689e-01 3.210087320746051187e-01
7.199999999999999734e-01 3.322873972811047905e-01
7.249999999999999778e-01 3.432381349440315477e-01
7.299999999999999822e-01 3.538501380074108305e-01
7.349999999999999867e-01 3.641129337054217485e-01
7.399999999999999911e-01 3.740163938977525970e-01
7.449999999999999956e-01 3.835507450648528716e-01
7.500000000000000000e-01 3.927065779532166734e-01
7.550000000000000044e-01 4.014748568611804513e-01
7.600000000000000089e-01 4.098469285560690789e-01
7.650000000000000133e-01 4.178145308138922487e-01
7.700000000000000178e-01 4.253698005731617604e-01
7.750000000000000222e-01 4.325052816947838608e-01
7.800000000000000266e-01 4.392139323203686496e-01
7.850000000000000311e-01 4.454891318216939178e-01
7.900000000000000355e-01 4.513246873344659016e-01
7.950000000000000400e-01 4.567148398699286127e-01
8.000000000000000444e-01 4.616542699982905118e-01
8.050000000000000488e-01 4.661381030983595686e-01
8.100000000000000533e-01 4.701619141682057412e-01
8.150000000000000577e-01 4.737217321921037283e-01
8.200000000000000622e-01 4.768140440594459406e-01
8.250000000000000666e-01 4.794357980317586199e-01
8.300000000000000711e-01 4.815844067543993412e-01
8.349999999999999645e-01 4.832577498099634994e-01
8.399999999999999689e-01 4.844541758108804608e-01
8.449999999999999734e-01 4.851725040291334778e-01
8.499999999999999778e-01 4.854120255614960966e-01
8.549999999999999822e-01 4.851725040291334778e-01
8.599999999999999867e-01 4.844541758108804608e-01
8.649999999999999911e-01 4.832577498099634994e-01
8.699999999999999956e-01 4.815844067543993412e-01
8.750000000000000000e-01 4.794357980317586199e-01
8.800000000000000044e-01 4.768140440594459406e-01
8.850000000000000089e-01 4.737217321921037283e-01
8.900000000000000133e-01 4.701619141682057412e-01
8.950000000000000178e-01 4.661381030983595686e-01
9.000000000000000222e-01 4.616542699982904563e-01
9.050000000000000266e-01 4.567148398699285017e-01
9.100000000000000311e-01 4.513246873344657906e-01
9.150000000000000355e-01 4.454891318216938068e-01
9.200000000000000400e-01 4.392139323203685386e-01
9.250000000000000444e-01 4.325052816947837497e-01
9.300000000000000488e-01 4.253698005731616494e-01
9.350000000000000533e-01 4.178145308138921932e-01
9.400000000000000577e-01 4.098469285560690789e-01
9.450000000000000622e-01 4.014748568611804513e-01
9.500000000000000666e-01 3.927065779532166179e-01
9.550000000000000711e-01 3.835507450648527605e-01
9.599999999999999645e-01 3.740163938977525415e-01
9.649999999999999689e-01 3.641129337054216930e-01
9.699999999999999734e-01 3.538501380074108305e-01
9.749999999999999778e-01 3.432381349440315477e-01
9.799999999999999822e-01 3.322873972811047905e-01
9.849999999999999867e-01 3.210087320746051187e-01
9.899999999999999911e-01 3.094132700054017526e-01
9.949999999999999956e-01 2.975124543946198741e-01
1.000000000000000000e+00 2.853180299104643991e-01
