0.000000000000000000e+00 4.571201503111709252e-01
5.000000000000000104e-03 4.615599456166088466e-01
1.000000000000000021e-02 4.655442369805307123e-01
1.499999999999999944e-02 4.690690923883896746e-01
2.000000000000000042e-02 4.721310332334591187e-01
2.500000000000000139e-02 4.747270377497975757e-01
2.999999999999999889e-02 4.768545439943668307e-01
3.500000000000000333e-02 4.785114523753604132e-01
4.000000000000000083e-02 4.796961277242473010e-01
4.499999999999999833e-02 4.804074009094856379e-01
5.000000000000000278e-02 4.806445699903147961e-01
5.500000000000000028e-02 4.804074009094856379e-01
5.999999999999999778e-02 4.796961277242473010e-01
6.500000000000000222e-02 4.785114523753604132e-01
7.000000000000000666e-02 4.768545439943668307e-01
7.499999999999999722e-02 4.747270377497975757e-01
8.000000000000000167e-02 4.721310332334591187e-01
8.500000000000000611e-02 4.690690923883896746e-01
8.999999999999999667e-02 4.655442369805307123e-01
9.500000000000000111e-02 4.615599456166088466e-01
1.000000000000000056e-01 4.571201503111709252e-01
1.049999999999999961e-01 4.522292326061604362e-01
1.100000000000000006e-01 4.468920192468646135e-01
1.150000000000000050e-01 4.411137774184994420e-01
1.199999999999999956e-01 4.349002095481339647e-01
1.250000000000000000e-01 4.282574476770830696e-01
1.300000000000000044e-01 4.211920474093231448e-01
1.350000000000000089e-01 4.137109814419023812e-01
1.400000000000000133e-01 4.058216326837305044e-01
1.449999999999999900e-01 3.975317869695392803e-01
1.499999999999999944e-01 3.888496253762034338e-01
1.549999999999999989e-01 3.797837161490054680e-01
1.600000000000000033e-01 3.703430062458121785e-01
1.650000000000000078e-01 3.605368125075072427e-01
1.700000000000000122e-01 3.503748124633942473e-01
1.750000000000000167e-01 3.398670347806437286e-01
1.799999999999999933e-01 3.290238493672090758e-01
1.849999999999999978e-01 3.178559571379796500e-01
1.900000000000000022e-01 3.063743794542697629e-01
1.950000000000000067e-01 2.945904472470656232e-01
2.000000000000000111e-01 2.825157898347643859e-01
2.050000000000000155e-01 2.701623234464408663e-01
2.099999999999999922e-01 2.575422394619683031e-01
2.149999999999999967e-01 2.446679923805981927e-01
2.200000000000000011e-01 2.315522875298731409e-01
2.250000000000000056e-01 2.182080685270025577e-01
2.300000000000000100e-01 2.046485045050751850e-01
2.350000000000000144e-01 1.908869771167146512e-01
2.399999999999999911e-01 1.769370673280040163e-01
2.449999999999999956e-01 1.628125420157116310e-01
2.500000000000000000e-01 1.485273403810461468e-01
2.550000000000000044e-01 1.340955601933476737e-01
2.600000000000000089e-01 1.195314438772915461e-01
2.650000000000000133e-01 1.048493644573346428e-01
2.700000000000000178e-01 9.006381137327551523e-02
2.750000000000000222e-01 7.518937618092669251e-02
2.800000000000000266e-01 6.024073815201069770e-02
2.850000000000000311e-01 4.523264978749112764e-02
2.899999999999999800e-01 3.017992225863529165e-02
2.949999999999999845e-01 1.509741079017635698e-02
2.999999999999999889e-01 8.673617379884035472e-18
3.049999999999999933e-01 -1.509741079017633790e-02
3.099999999999999978e-01 -3.017992225863527778e-02
3.150000000000000022e-01 -4.523264978749111376e-02
3.200000000000000067e-01 -6.024073815201068383e-02
3.250000000000000111e-01 -7.518937618092666475e-02
3.300000000000000155e-01 -9.006381137327548747e-02
3.350000000000000200e-01 -1.048493644573345873e-01
3.400000000000000244e-01 -1.195314438772915044e-01
3.450000000000000289e-01 -1.340955601933476182e-01
3.500000000000000333e-01 -1.485273403810460913e-01
3.549999999999999822e-01 -1.628125420157115755e-01
3.599999999999999867e-01 -1.769370673280039608e-01
3.649999999999999911e-01 -1.908869771167145957e-01
3.699999999999999956e-01 -2.046485045050751295e-01
3.750000000000000000e-01 -2.182080685270025300e-01
3.800000000000000044e-01 -2.315522875298731131e-01
3.850000000000000089e-01 -2.446679923805981927e-01
3.900000000000000133e-01 -2.575422394619683031e-01
3.950000000000000178e-01 -2.701623234464408663e-01
4.000000000000000222e-01 -2.825157898347643304e-01
4.050000000000000266e-01 -2.945904472470655122e-01
4.100000000000000311e-01 -3.063743794542696519e-01
4.150000000000000355e-01 -3.178559571379795390e-01
4.199999999999999845e-01 -3.290238493672089648e-01
4.249999999999999889e-01 -3.398670347806436731e-01
4.299999999999999933e-01 -3.503748124633942473e-01
4.349999999999999978e-01 -3.605368125075071872e-01
4.400000000000000022e-01 -3.703430062458121230e-01
4.450000000000000067e-01 -3.797837161490054680e-01
4.500000000000000111e-01 -3.888496253762034338e-01
4.550000000000000155e-01 -3.975317869695392803e-01
4.600000000000000200e-01 -4.058216326837305044e-01
4.650000000000000244e-01 -4.137109814419023812e-01
4.700000000000000289e-01 -4.211920474093231448e-01
4.750000000000000333e-01 -4.282574476770830141e-01
4.799999999999999822e-01 -4.349002095481339092e-01
4.849999999999999867e-01 -4.411137774184993310e-01
4.899999999999999911e-01 -4.468920192468645025e-01
4.949999999999999956e-01 -4.522292326061603251e-01
5.000000000000000000e-01 -4.571201503111708142e-01
5.050000000000000044e-01 -4.615599456166087355e-01
5.100000000000000089e-01 -4.655442369805306013e-01
5.150000000000000133e-01 -4.690690923883895636e-01
5.200000000000000178e-01 -4.721310332334590076e-01
5.250000000000000222e-01 -4.747270377497974647e-01
5.300000000000000266e-01 -4.768545439943667197e-01
5.350000000000000311e-01 -4.785114523753603022e-01
5.400000000000000355e-01 -4.796961277242471899e-01
5.450000000000000400e-01 -4.804074009094855269e-01
5.500000000000000444e-01 -4.806445699903146851e-01
5.550000000000000488e-01 -4.804074009094855269e-01
5.600000000000000533e-01 -4.796961277242471899e-01
5.650000000000000577e-01 -4.785114523753603022e-01
5.700000000000000622e-01 -4.768545439943667197e-01
5.750000000000000666e-01 -4.747270377497974647e-01
5.799999999999999600e-01 -4.721310332334590631e-01
5.849999999999999645e-01 -4.690690923883896191e-01
5.899999999999999689e-01 -4.655442369805307123e-01
5.949999999999999734e-01 -4.615599456166088466e-01
5.999999999999999778e-01 -4.571201503111709252e-01
6.049999999999999822e-01 -4.522292326061604362e-01
6.099999999999999867e-01 -4.468920192468646135e-01
6.149999999999999911e-01 -4.411137774184994420e-01
6.199999999999999956e-01 -4.349002095481340202e-01
6.250000000000000000e-01 -4.282574476770831251e-01
6.300000000000000044e-01 -4.211920474093232558e-01
6.350000000000000089e-01 -4.137109814419024922e-01
6.400000000000000133e-01 -4.058216326837306154e-01
6.450000000000000178e-01 -3.975317869695393913e-01
6.500000000000000222e-01 -3.888496253762035448e-01
6.550000000000000266e-01 -3.797837161490055791e-01
6.600000000000000311e-01 -3.703430062458122340e-01
6.650000000000000355e-01 -3.605368125075072983e-01
6.700000000000000400e-01 -3.503748124633943584e-01
6.750000000000000444e-01 -3.398670347806437841e-01
6.800000000000000488e-01 -3.290238493672090758e-01
6.850000000000000533e-01 -3.178559571379796500e-01
6.900000000000000577e-01 -3.063743794542697629e-01
6.950000000000000622e-01 -2.945904472470656232e-01
7.000000000000000666e-01 -2.825157898347643859e-01
7.049999999999999600e-01 -2.701623234464408663e-01
7.099999999999999645e-01 -2.575422394619683031e-01
7.149999999999999689e-01 -2.446679923805981927e-01
7.199999999999999734e-01 -2.315522875298731409e-01
7.249999999999999778e-01 -2.182080685270025577e-01
7.299999999999999822e-01 -2.046485045050751850e-01
7.349999999999999867e-01 -1.908869771167146512e-01
7.399999999999999911e-01 -1.769370673280040163e-01
7.449999999999999956e-01 -1.628125420157116310e-01
7.500000000000000000e-01 -1.485273403810461468e-01
7.550000000000000044e-01 -1.340955601933476737e-01
7.600000000000000089e-01 -1.195314438772915600e-01
7.650000000000000133e-01 -1.048493644573346428e-01
7.700000000000000178e-01 -9.006381137327554298e-02
7.750000000000000222e-01 -7.518937618092672026e-02
7.800000000000000266e-01 -6.024073815201073934e-02
7.850000000000000311e-01 -4.523264978749116927e-02
7.900000000000000355e-01 -3.017992225863532982e-02
7.950000000000000400e-01 -1.509741079017638821e-02
8.000000000000000444e-01 -3.295974604355933479e-17
8.050000000000000488e-01 1.509741079017632055e-02
8.100000000000000533e-01 3.017992225863526390e-02
8.150000000000000577e-01 4.523264978749109988e-02
8.200000000000000622e-01 6.024073815201066995e-02
8.250000000000000666e-01 7.518937618092666475e-02
8.300000000000000711e-01 9.006381137327548747e-02
8.349999999999999645e-01 1.048493644573346151e-01
8.399999999999999689e-01 1.195314438772915044e-01
8.449999999999999734e-01 1.340955601933476182e-01
8.499999999999999778e-01 1.485273403810460913e-01
8.549999999999999822e-01 1.628125420157116032e-01
8.599999999999999867e-01 1.769370673280040163e-01
8.649999999999999911e-01 1.908869771167146512e-01
8.699999999999999956e-01 2.046485045050751850e-01
8.750000000000000000e-01 2.182080685270025577e-01
8.800000000000000044e-01 2.315522875298731409e-01
8.850000000000000089e-01 2.446679923805981927e-01
8.900000000000000133e-01 2.575422394619683031e-01
8.950000000000000178e-01 2.701623234464408663e-01
9.000000000000000222e-01 2.825157898347643859e-01
9.050000000000000266e-01 2.945904472470656232e-01
9.100000000000000311e-01 3.063743794542697629e-01
9.150000000000000355e-01 3.178559571379796500e-01
9.200000000000000400e-01 3.290238493672090758e-01
9.250000000000000444e-01 3.398670347806437841e-01
9.300000000000000488e-01 3.503748124633943584e-01
9.350000000000000533e-01 3.605368125075072983e-01
9.400000000000000577e-01 3.703430062458122340e-01
9.450000000000000622e-01 3.797837161490055791e-01
9.500000000000000666e-01 3.888496253762035448e-01
9.550000000000000711e-01 3.975317869695393913e-01
9.599999999999999645e-01 4.058216326837306154e-01
9.649999999999999689e-01 4.137109814419024922e-01
9.699999999999999734e-01 4.211920474093232558e-01
9.749999999999999778e-01 4.282574476770831251e-01
9.799999999999999822e-01 4.349002095481340202e-01
9.849999999999999867e-01 4.411137774184994420e-01
9.899999999999999911e-01 4.468920192468646135e-01
9.949999999999999956e-01 4.522292326061604362e-01
1.000000000000000000e+00 4.571201503111709252e-01
