0.000000000000000000e+00 -4.744043052196502686e-01
5.025125628140703592e-03 -4.694972932338714600e-01
1.005025125628140718e-02 -4.641372859477996826e-01
1.507537688442210991e-02 -4.583272039890289307e-01
2.010050251256281437e-02 -4.520699083805084229e-01
2.512562814070351883e-02 -4.453690350055694580e-01
3.015075376884421982e-02 -4.382287561893463135e-01
3.517587939698492427e-02 -4.306525290012359619e-01
4.020100502512562873e-02 -4.226449429988861084e-01
4.522613065326633319e-02 -4.142112433910369873e-01
5.025125628140703765e-02 -4.053568542003631592e-01
5.527638190954774211e-02 -3.960874974727630615e-01
6.030150753768843963e-02 -3.864094913005828857e-01
6.532663316582915103e-02 -3.763300478458404541e-01
7.035175879396984855e-02 -3.658571541309356689e-01
7.537688442211055995e-02 -3.549986779689788818e-01
8.040201005025125747e-02 -3.437639176845550537e-01
8.542713567839195499e-02 -3.321623504161834717e-01
9.045226130653266639e-02 -3.202045857906341553e-01
9.547738693467336391e-02 -3.079018294811248779e-01
1.005025125628140753e-01 -2.952655851840972900e-01
1.055276381909547728e-01 -2.823093831539154053e-01
1.105527638190954842e-01 -2.690458595752716064e-01
1.155778894472361817e-01 -2.554897964000701904e-01
1.206030150753768793e-01 -2.416557222604751587e-01
1.256281407035175768e-01 -2.275594025850296021e-01
1.306532663316583021e-01 -2.132176309823989868e-01
1.356783919597989996e-01 -1.986462622880935669e-01
1.407035175879396971e-01 -1.838635355234146118e-01
1.457286432160803946e-01 -1.688869148492813110e-01
1.507537688442211199e-01 -1.537346988916397095e-01
1.557788944723618174e-01 -1.384256631135940552e-01
1.608040201005025149e-01 -1.229786500334739685e-01
1.658291457286432125e-01 -1.074125394225120544e-01
1.708542713567839100e-01 -9.174688905477523804e-02
1.758793969849246352e-01 -7.600011676549911499e-02
1.809045226130653328e-01 -6.019135564565658569e-02
1.859296482412060303e-01 -4.433961957693099976e-02
1.909547738693467278e-01 -2.846284769475460052e-02
1.959798994974874531e-01 -1.257952116429805756e-02
2.010050251256281506e-01 3.292956855148077011e-03
2.060301507537688481e-01 1.913789846003055573e-02
2.110552763819095456e-01 3.493789583444595337e-02
2.160804020100502432e-01 5.067769438028335571e-02
2.211055276381909684e-01 6.634167581796646118e-02
2.261306532663316660e-01 8.191493898630142212e-02
2.311557788944723635e-01 9.738389402627944946e-02
2.361809045226130610e-01 1.127345934510231018e-01
2.412060301507537585e-01 1.279541701078414917e-01
2.462311557788944838e-01 1.430303305387496948e-01
2.512562814070351536e-01 1.579510420560836792e-01
2.562814070351758788e-01 1.727050989866256714e-01
2.613065326633166041e-01 1.872808188199996948e-01
2.663316582914572739e-01 2.016674727201461792e-01
2.713567839195979992e-01 2.158539742231369019e-01
2.763819095477387244e-01 2.298304289579391479e-01
2.814070351758793942e-01 2.435856312513351440e-01
2.864321608040201195e-01 2.571089565753936768e-01
2.914572864321607892e-01 2.703899443149566650e-01
2.964824120603015145e-01 2.834177315235137939e-01
3.015075376884422398e-01 2.961808145046234131e-01
3.065326633165829096e-01 3.086680471897125244e-01
3.115577889447236348e-01 3.208685219287872314e-01
3.165829145728643046e-01 3.327694833278656006e-01
3.216080402010050299e-01 3.443594276905059814e-01
3.266331658291457551e-01 3.556261956691741943e-01
3.316582914572864249e-01 3.665569722652435303e-01
3.366834170854271502e-01 3.771396577358245850e-01
3.417085427135678199e-01 3.873617947101593018e-01
3.467336683417085452e-01 3.972104489803314209e-01
3.517587939698492705e-01 4.066735208034515381e-01
3.567839195979899403e-01 4.157388508319854736e-01
3.618090452261306655e-01 4.243942797183990479e-01
3.668341708542713353e-01 4.326280653476715088e-01
3.718592964824120606e-01 4.404290020465850830e-01
3.768844221105527859e-01 4.477867782115936279e-01
3.819095477386934556e-01 4.546909034252166748e-01
3.869346733668341809e-01 4.611320197582244873e-01
3.919597989949749062e-01 4.671016037464141846e-01
3.969849246231155759e-01 4.725917875766754150e-01
4.020100502512563012e-01 4.775950610637664795e-01
4.070351758793969710e-01 4.821054637432098389e-01
4.120603015075376963e-01 4.861173331737518311e-01
4.170854271356784215e-01 4.896261394023895264e-01
4.221105527638190913e-01 4.926280081272125244e-01
4.271356783919598166e-01 4.951202571392059326e-01
4.321608040201004863e-01 4.971008598804473877e-01
4.371859296482412116e-01 4.985689222812652588e-01
4.422110552763819369e-01 4.995234310626983643e-01
4.472361809045226066e-01 4.999651610851287842e-01
4.522613065326633319e-01 4.998953640460968018e-01
4.572864321608040017e-01 4.993158876895904541e-01
4.623115577889447270e-01 4.982288181781768799e-01
4.673366834170854522e-01 4.966378509998321533e-01
4.723618090452261220e-01 4.945458471775054932e-01
4.773869346733668473e-01 4.919575750827789307e-01
4.824120603015075170e-01 4.888776838779449463e-01
4.874371859296482423e-01 4.853112995624542236e-01
4.924623115577889676e-01 4.812637269496917725e-01
4.974874371859296374e-01 4.767409861087799072e-01
5.025125628140703071e-01 4.717492163181304932e-01
5.075376884422110324e-01 4.662956297397613525e-01
5.125628140703517577e-01 4.603866636753082275e-01
5.175879396984924830e-01 4.540291130542755127e-01
5.226130653266332082e-01 4.472310841083526611e-01
5.276381909547738225e-01 4.399998486042022705e-01
5.326633165829145478e-01 4.323430359363555908e-01
5.376884422110552730e-01 4.242694675922393799e-01
5.427135678391959983e-01 4.157868921756744385e-01
5.477386934673367236e-01 4.069036543369293213e-01
5.527638190954774489e-01 3.976287543773651123e-01
5.577889447236180631e-01 3.879705965518951416e-01
5.628140703517587884e-01 3.779391944408416748e-01
5.678391959798995137e-01 3.675427734851837158e-01
5.728643216080402389e-01 3.567917644977569580e-01
5.778894472361809642e-01 3.456946909427642822e-01
5.829145728643215785e-01 3.342625200748443604e-01
5.879396984924623037e-01 3.225046098232269287e-01
5.929648241206030290e-01 3.104316890239715576e-01
5.979899497487437543e-01 2.980542480945587158e-01
6.030150753768844796e-01 2.853832542896270752e-01
6.080402010050250938e-01 2.724294960498809814e-01
6.130653266331658191e-01 2.592045962810516357e-01
6.180904522613065444e-01 2.457198947668075562e-01
6.231155778894472697e-01 2.319875210523605347e-01
6.281407035175879949e-01 2.180198282003402710e-01
6.331658291457286092e-01 2.038286179304122925e-01
6.381909547738693345e-01 1.894273012876510620e-01
6.432160804020100597e-01 1.748285740613937378e-01
6.482412060301507850e-01 1.600457876920700073e-01
6.532663316582915103e-01 1.450928896665573120e-01
6.582914572864321245e-01 1.299834102392196655e-01
6.633165829145728498e-01 1.147315278649330139e-01
6.683417085427135751e-01 9.935257583856582642e-02
6.733668341708543004e-01 8.386037498712539673e-02
6.783919597989950256e-01 6.827072054147720337e-02
6.834170854271356399e-01 5.259809643030166626e-02
6.884422110552763652e-01 3.685847669839859009e-02
6.934673366834170904e-01 2.106771804392337799e-02
6.984924623115578157e-01 5.241969134658575058e-03
7.035175879396985410e-01 -1.060320995748043060e-02
7.085427135678391553e-01 -2.645101211965084076e-02
7.135678391959798805e-01 -4.228528589010238647e-02
7.185929648241206058e-01 -5.808874219655990601e-02
7.236180904522613311e-01 -7.384582608938217163e-02
7.286432160804020564e-01 -8.953919261693954468e-02
7.336683417085426706e-01 -1.051512584090232849e-01
7.386934673366833959e-01 -1.206667646765708923e-01
7.437185929648241212e-01 -1.360680609941482544e-01
7.487437185929648464e-01 -1.513382941484451294e-01
7.537688442211055717e-01 -1.664610952138900757e-01
7.587939698492462970e-01 -1.814197450876235962e-01
7.638190954773869112e-01 -1.961981207132339478e-01
7.688442211055276365e-01 -2.107799500226974487e-01
7.738693467336683618e-01 -2.251486927270889282e-01
7.788944723618090871e-01 -2.392897158861160278e-01
7.839195979899498123e-01 -2.531860768795013428e-01
7.889447236180904266e-01 -2.668241262435913086e-01
7.939698492462311519e-01 -2.801876962184906006e-01
7.989949748743718771e-01 -2.932628095149993896e-01
8.040201005025126024e-01 -3.060359060764312744e-01
8.090452261306533277e-01 -3.184920847415924072e-01
8.140703517587939420e-01 -3.306188881397247314e-01
8.190954773869346672e-01 -3.424036800861358643e-01
8.241206030150753925e-01 -3.538331687450408936e-01
8.291457286432161178e-01 -3.648962080478668213e-01
8.341708542713568431e-01 -3.755813539028167725e-01
8.391959798994974573e-01 -3.858773410320281982e-01
8.442211055276381826e-01 -3.957742750644683838e-01
8.492462311557789079e-01 -4.052620828151702881e-01
8.542713567839196331e-01 -4.143318831920623779e-01
8.592964824120603584e-01 -4.229750335216522217e-01
8.643216080402009727e-01 -4.311825931072235107e-01
8.693467336683416979e-01 -4.389481842517852783e-01
8.743718592964824232e-01 -4.462642967700958252e-01
8.793969849246231485e-01 -4.531240761280059814e-01
8.844221105527638738e-01 -4.595223367214202881e-01
8.894472361809044880e-01 -4.654536545276641846e-01
8.944723618090452133e-01 -4.709131419658660889e-01
8.994974874371859386e-01 -4.758969247341156006e-01
9.045226130653266639e-01 -4.804007709026336670e-01
9.095477386934673891e-01 -4.844221174716949463e-01
9.145728643216080034e-01 -4.879581034183502197e-01
9.195979899497487287e-01 -4.910071194171905518e-01
9.246231155778894539e-01 -4.935671389102935791e-01
9.296482412060301792e-01 -4.956373274326324463e-01
9.346733668341709045e-01 -4.972168505191802979e-01
9.396984924623115187e-01 -4.983056485652923584e-01
9.447236180904522440e-01 -4.989044964313507080e-01
9.497487437185929693e-01 -4.990140497684478760e-01
9.547738693467336946e-01 -4.986348450183868408e-01
9.597989949748744198e-01 -4.977695047855377197e-01
9.648241206030150341e-01 -4.964197576045989990e-01
9.698492462311557594e-01 -4.945878088474273682e-01
9.748743718592964846e-01 -4.922764003276824951e-01
9.798994974874372099e-01 -4.894891083240509033e-01
9.849246231155779352e-01 -4.862293899059295654e-01
9.899497487437186605e-01 -4.825011193752288818e-01
9.949748743718592747e-01 -4.783086478710174561e-01
1.000000000000000000e+00 -4.736562669277191162e-01
