0.000000000000000000e+00 4.752530753612518311e-01
5.025125628140703592e-03 4.800350964069366455e-01
1.005025125628140718e-02 4.843397438526153564e-01
1.507537688442210991e-02 4.881609976291656494e-01
2.010050251256281437e-02 4.914930164813995361e-01
2.512562814070351883e-02 4.943303167819976807e-01
3.015075376884421982e-02 4.966686069965362549e-01
3.517587939698492427e-02 4.985039532184600830e-01
4.020100502512562873e-02 4.998327195644378662e-01
4.522613065326633319e-02 5.006516575813293457e-01
5.025125628140703765e-02 5.009593367576599121e-01
5.527638190954774211e-02 5.007545351982116699e-01
6.030150753768843963e-02 5.000361800193786621e-01
6.532663316582915103e-02 4.988042414188385010e-01
7.035175879396984855e-02 4.970603287220001221e-01
7.537688442211055995e-02 4.948059022426605225e-01
8.040201005025125747e-02 4.920434653759002686e-01
8.542713567839195499e-02 4.887769520282745361e-01
9.045226130653266639e-02 4.850099384784698486e-01
9.547738693467336391e-02 4.807470142841339111e-01
1.005025125628140753e-01 4.759953916072845459e-01
1.055276381909547728e-01 4.707598388195037842e-01
1.105527638190954842e-01 4.650487005710601807e-01
1.155778894472361817e-01 4.588694870471954346e-01
1.206030150753768793e-01 4.522306025028228760e-01
1.256281407035175768e-01 4.451411664485931396e-01
1.306532663316583021e-01 4.376111328601837158e-01
1.356783919597989996e-01 4.296499788761138916e-01
1.407035175879396971e-01 4.212687313556671143e-01
1.457286432160803946e-01 4.124776422977447510e-01
1.507537688442211199e-01 4.032877981662750244e-01
1.557788944723618174e-01 3.937110006809234619e-01
1.608040201005025149e-01 3.837581574916839600e-01
1.658291457286432125e-01 3.734408915042877197e-01
1.708542713567839100e-01 3.627710640430450439e-01
1.758793969849246352e-01 3.517599999904632568e-01
1.809045226130653328e-01 3.404190838336944580e-01
1.859296482412060303e-01 3.287601172924041748e-01
1.909547738693467278e-01 3.167946040630340576e-01
1.959798994974874531e-01 3.045333325862884521e-01
2.010050251256281506e-01 2.919879257678985596e-01
2.060301507537688481e-01 2.791693508625030518e-01
2.110552763819095456e-01 2.660889327526092529e-01
2.160804020100502432e-01 2.527569234371185303e-01
2.211055276381909684e-01 2.391842454671859741e-01
2.261306532663316660e-01 2.253826707601547241e-01
2.311557788944723635e-01 2.113622874021530151e-01
2.361809045226130610e-01 1.971338838338851929e-01
2.412060301507537585e-01 1.827095001935958862e-01
2.462311557788944838e-01 1.680995076894760132e-01
2.512562814070351536e-01 1.533154696226119995e-01
2.562814070351758788e-01 1.383695453405380249e-01
2.613065326633166041e-01 1.232731714844703674e-01
2.663316582914572739e-01 1.080389395356178284e-01
2.713567839195979992e-01 9.267971664667129517e-02
2.763819095477387244e-01 7.720819860696792603e-02
2.814070351758793942e-01 6.163797527551651001e-02
2.864321608040201195e-01 4.598311334848403931e-02
2.914572864321607892e-01 3.025815822184085846e-02
2.964824120603015145e-01 1.447806693613529205e-02
3.015075376884422398e-01 -1.342019531875848770e-03
3.065326633165829096e-01 -1.718624494969844818e-02
3.115577889447236348e-01 -3.303845971822738647e-02
3.165829145728643046e-01 -4.888179153203964233e-02
3.216080402010050299e-01 -6.469961255788803101e-02
3.266331658291457551e-01 -8.047374337911605835e-02
3.316582914572864249e-01 -9.618749469518661499e-02
3.366834170854271502e-01 -1.118221506476402283e-01
3.417085427135678199e-01 -1.273598223924636841e-01
3.467336683417085452e-01 -1.427827030420303345e-01
3.517587939698492705e-01 -1.580720692873001099e-01
3.567839195979899403e-01 -1.732094436883926392e-01
3.618090452261306655e-01 -1.881770044565200806e-01
3.668341708542713353e-01 -2.029566913843154907e-01
3.718592964824120606e-01 -2.175305634737014771e-01
3.768844221105527859e-01 -2.318806797266006470e-01
3.819095477386934556e-01 -2.459900528192520142e-01
3.869346733668341809e-01 -2.598417103290557861e-01
3.919597989949749062e-01 -2.734191715717315674e-01
3.969849246231155759e-01 -2.867066562175750732e-01
4.020100502512563012e-01 -2.996884882450103760e-01
4.070351758793969710e-01 -3.123501241207122803e-01
4.120603015075376963e-01 -3.246771395206451416e-01
4.170854271356784215e-01 -3.366563022136688232e-01
4.221105527638190913e-01 -3.482742607593536377e-01
4.271356783919598166e-01 -3.595195710659027100e-01
4.321608040201004863e-01 -3.703804910182952881e-01
4.371859296482412116e-01 -3.808467090129852295e-01
4.422110552763819369e-01 -3.909077346324920654e-01
4.472361809045226066e-01 -4.005546271800994873e-01
4.522613065326633319e-01 -4.097790420055389404e-01
4.572864321608040017e-01 -4.185732901096343994e-01
4.623115577889447270e-01 -4.269302189350128174e-01
4.673366834170854522e-01 -4.348435103893280029e-01
4.723618090452261220e-01 -4.423073828220367432e-01
4.773869346733668473e-01 -4.493165314197540283e-01
4.824120603015075170e-01 -4.558669030666351318e-01
4.874371859296482423e-01 -4.619545638561248779e-01
4.924623115577889676e-01 -4.675759971141815186e-01
4.974874371859296374e-01 -4.727286398410797119e-01
5.025125628140703071e-01 -4.774099290370941162e-01
5.075376884422110324e-01 -4.816177189350128174e-01
5.125628140703517577e-01 -4.853513538837432861e-01
5.175879396984924830e-01 -4.886086881160736084e-01
5.226130653266332082e-01 -4.913900792598724365e-01
5.276381909547738225e-01 -4.936942756175994873e-01
5.326633165829145478e-01 -4.955217540264129639e-01
5.376884422110552730e-01 -4.968720972537994385e-01
5.427135678391959983e-01 -4.977465569972991943e-01
5.477386934673367236e-01 -4.981446564197540283e-01
5.527638190954774489e-01 -4.980683624744415283e-01
5.577889447236180631e-01 -4.975181519985198975e-01
5.628140703517587884e-01 -4.964958131313323975e-01
5.678391959798995137e-01 -4.950021207332611084e-01
5.728643216080402389e-01 -4.930391013622283936e-01
5.778894472361809642e-01 -4.906084239482879639e-01
5.829145728643215785e-01 -4.877117574214935303e-01
5.879396984924623037e-01 -4.843515455722808838e-01
5.929648241206030290e-01 -4.805298745632171631e-01
5.979899497487437543e-01 -4.762490093708038330e-01
6.030150753768844796e-01 -4.715120494365692139e-01
6.080402010050250938e-01 -4.663213193416595459e-01
6.130653266331658191e-01 -4.606800973415374756e-01
6.180904522613065444e-01 -4.545914828777313232e-01
6.231155778894472697e-01 -4.480591714382171631e-01
6.281407035175879949e-01 -4.410872757434844971e-01
6.331658291457286092e-01 -4.336796104907989502e-01
6.381909547738693345e-01 -4.258408844470977783e-01
6.432160804020100597e-01 -4.175756871700286865e-01
6.482412060301507850e-01 -4.088898599147796631e-01
6.532663316582915103e-01 -3.997891843318939209e-01
6.582914572864321245e-01 -3.902797400951385498e-01
6.633165829145728498e-01 -3.803683817386627197e-01
6.683417085427135751e-01 -3.700629174709320068e-01
6.733668341708543004e-01 -3.593710362911224365e-01
6.783919597989950256e-01 -3.483011424541473389e-01
6.834170854271356399e-01 -3.368628919124603271e-01
6.884422110552763652e-01 -3.250662386417388916e-01
6.934673366834170904e-01 -3.129219114780426025e-01
6.984924623115578157e-01 -3.004414737224578857e-01
7.035175879396985410e-01 -2.876361906528472900e-01
7.085427135678391553e-01 -2.745200693607330322e-01
7.135678391959798805e-01 -2.611059248447418213e-01
7.185929648241206058e-01 -2.474086433649063110e-01
7.236180904522613311e-01 -2.334427982568740845e-01
7.286432160804020564e-01 -2.192237526178359985e-01
7.336683417085426706e-01 -2.047687321901321411e-01
7.386934673366833959e-01 -1.900934725999832153e-01
7.437185929648241212e-01 -1.752157956361770630e-01
7.487437185929648464e-01 -1.601532846689224243e-01
7.537688442211055717e-01 -1.449239999055862427e-01
7.587939698492462970e-01 -1.295468360185623169e-01
7.638190954773869112e-01 -1.140398606657981873e-01
7.688442211055276365e-01 -9.842213243246078491e-02
7.738693467336683618e-01 -8.271297067403793335e-02
7.788944723618090871e-01 -6.693025678396224976e-02
7.839195979899498123e-01 -5.109354108572006226e-02
7.889447236180904266e-01 -3.522058576345443726e-02
7.939698492462311519e-01 -1.932986639440059662e-02
7.989949748743718771e-01 -3.439268562942743301e-03
8.040201005025126024e-01 1.243368722498416901e-02
8.090452261306533277e-01 2.827231027185916901e-02
8.140703517587939420e-01 4.405967146158218384e-02
8.190954773869346672e-01 5.978051573038101196e-02
8.241206030150753925e-01 7.541910558938980103e-02
8.291457286432161178e-01 9.096101671457290649e-02
8.341708542713568431e-01 1.063913479447364807e-01
8.391959798994974573e-01 1.216974630951881409e-01
8.442211055276381826e-01 1.368650645017623901e-01
8.492462311557789079e-01 1.518823355436325073e-01
8.542713567839196331e-01 1.667365282773971558e-01
8.592964824120603584e-01 1.814164370298385620e-01
8.643216080402009727e-01 1.959096044301986694e-01
8.693467336683416979e-01 2.102049440145492554e-01
8.743718592964824232e-01 2.242923229932785034e-01
8.793969849246231485e-01 2.381592839956283569e-01
8.844221105527638738e-01 2.517955601215362549e-01
8.894472361809044880e-01 2.651898562908172607e-01
8.944723618090452133e-01 2.783314883708953857e-01
8.994974874371859386e-01 2.912091910839080811e-01
9.045226130653266639e-01 3.038108646869659424e-01
9.095477386934673891e-01 3.161262571811676025e-01
9.145728643216080034e-01 3.281429111957550049e-01
9.195979899497487287e-01 3.398492634296417236e-01
9.246231155778894539e-01 3.512333929538726807e-01
9.296482412060301792e-01 3.622831404209136963e-01
9.346733668341709045e-01 3.729867041110992432e-01
9.396984924623115187e-01 3.833316862583160400e-01
9.447236180904522440e-01 3.933055102825164795e-01
9.497487437185929693e-01 4.028971493244171143e-01
9.547738693467336946e-01 4.120936691761016846e-01
9.597989949748744198e-01 4.208841621875762939e-01
9.648241206030150341e-01 4.292570650577545166e-01
9.698492462311557594e-01 4.372015297412872314e-01
9.748743718592964846e-01 4.447075426578521729e-01
9.798994974874372099e-01 4.517644941806793213e-01
9.849246231155779352e-01 4.583633840084075928e-01
9.899497487437186605e-01 4.644955694675445557e-01
9.949748743718592747e-01 4.701531231403350830e-01
1.000000000000000000e+00 4.753288924694061279e-01
