0.000000000000000000e+00 -1.839360687881708145e-03
5.025125628140703592e-03 1.447180844843387604e-02
1.005025125628140718e-02 3.068123199045658112e-02
1.507537688442210991e-02 4.677996784448623657e-02
2.010050251256281437e-02 6.275937706232070923e-02
2.512562814070351883e-02 7.860992103815078735e-02
3.015075376884421982e-02 9.432236105203628540e-02
3.517587939698492427e-02 1.098878756165504456e-01
4.020100502512562873e-02 1.252962201833724976e-01
4.522613065326633319e-02 1.405383199453353882e-01
5.025125628140703765e-02 1.556040495634078979e-01
5.527638190954774211e-02 1.704843491315841675e-01
6.030150753768843963e-02 1.851683706045150757e-01
6.532663316582915103e-02 1.996468752622604370e-01
7.035175879396984855e-02 2.139097303152084351e-01
7.537688442211055995e-02 2.279469817876815796e-01
8.040201005025125747e-02 2.417480796575546265e-01
8.542713567839195499e-02 2.553032338619232178e-01
9.045226130653266639e-02 2.686018049716949463e-01
9.547738693467336391e-02 2.816342413425445557e-01
1.005025125628140753e-01 2.943901121616363525e-01
1.055276381909547728e-01 3.068588078022003174e-01
1.105527638190954842e-01 3.190303742885589600e-01
1.155778894472361817e-01 3.308945000171661377e-01
1.206030150753768793e-01 3.424414694309234619e-01
1.256281407035175768e-01 3.536601364612579346e-01
1.306532663316583021e-01 3.645410835742950439e-01
1.356783919597989996e-01 3.750744760036468506e-01
1.407035175879396971e-01 3.852500617504119873e-01
1.457286432160803946e-01 3.950578272342681885e-01
1.507537688442211199e-01 4.044885337352752686e-01
1.557788944723618174e-01 4.135319888591766357e-01
1.608040201005025149e-01 4.221791326999664307e-01
1.658291457286432125e-01 4.304206669330596924e-01
1.708542713567839100e-01 4.382469952106475830e-01
1.758793969849246352e-01 4.456499516963958740e-01
1.809045226130653328e-01 4.526207149028778076e-01
1.859296482412060303e-01 4.591504633426666260e-01
1.909547738693467278e-01 4.652318060398101807e-01
1.959798994974874531e-01 4.708563387393951416e-01
2.010050251256281506e-01 4.760167896747589111e-01
2.060301507537688481e-01 4.807068407535552979e-01
2.110552763819095456e-01 4.849192798137664795e-01
2.160804020100502432e-01 4.886475503444671631e-01
2.211055276381909684e-01 4.918872416019439697e-01
2.261306532663316660e-01 4.946317970752716064e-01
2.311557788944723635e-01 4.968779385089874268e-01
2.361809045226130610e-01 4.986208975315093994e-01
2.412060301507537585e-01 4.998576939105987549e-01
2.462311557788944838e-01 5.005858540534973145e-01
2.512562814070351536e-01 5.008024573326110840e-01
2.562814070351758788e-01 5.005073547363281250e-01
2.613065326633166041e-01 4.996996223926544189e-01
2.663316582914572739e-01 4.983792006969451904e-01
2.713567839195979992e-01 4.965478479862213135e-01
2.763819095477387244e-01 4.942066967487335205e-01
2.814070351758793942e-01 4.913583099842071533e-01
2.864321608040201195e-01 4.880067408084869385e-01
2.914572864321607892e-01 4.841556847095489502e-01
2.964824120603015145e-01 4.798100292682647705e-01
3.015075376884422398e-01 4.749762117862701416e-01
3.065326633165829096e-01 4.696598351001739502e-01
3.115577889447236348e-01 4.638686478137969971e-01
3.165829145728643046e-01 4.576107561588287354e-01
3.216080402010050299e-01 4.508939087390899658e-01
3.266331658291457551e-01 4.437277615070343018e-01
3.316582914572864249e-01 4.361213743686676025e-01
3.366834170854271502e-01 4.280851185321807861e-01
3.417085427135678199e-01 4.196296036243438721e-01
3.467336683417085452e-01 4.107653200626373291e-01
3.517587939698492705e-01 4.015033543109893799e-01
3.567839195979899403e-01 3.918550908565521240e-01
3.618090452261306655e-01 3.818322122097015381e-01
3.668341708542713353e-01 3.714455664157867432e-01
3.718592964824120606e-01 3.607076704502105713e-01
3.768844221105527859e-01 3.496294319629669189e-01
3.819095477386934556e-01 3.382226526737213135e-01
3.869346733668341809e-01 3.264997303485870361e-01
3.919597989949749062e-01 3.144710361957550049e-01
3.969849246231155759e-01 3.021488487720489502e-01
4.020100502512563012e-01 2.895437180995941162e-01
4.070351758793969710e-01 2.766672670841217041e-01
4.120603015075376963e-01 2.635309994220733643e-01
4.170854271356784215e-01 2.501452267169952393e-01
4.221105527638190913e-01 2.365216463804244995e-01
4.271356783919598166e-01 2.226710170507431030e-01
4.321608040201004863e-01 2.086041420698165894e-01
4.371859296482412116e-01 1.943327635526657104e-01
4.422110552763819369e-01 1.798677891492843628e-01
4.472361809045226066e-01 1.652204245328903198e-01
4.522613065326633319e-01 1.504021137952804565e-01
4.572864321608040017e-01 1.354254335165023804e-01
4.623115577889447270e-01 1.203018799424171448e-01
4.673366834170854522e-01 1.050440445542335510e-01
4.723618090452261220e-01 8.966443687677383423e-02
4.773869346733668473e-01 7.417670637369155884e-02
4.824120603015075170e-01 5.859432369470596313e-02
4.874371859296482423e-01 4.293081909418106079e-02
4.924623115577889676e-01 2.720133401453495026e-02
4.974874371859296374e-01 1.142005063593387604e-02
5.025125628140703071e-01 -4.397115204483270645e-03
5.075376884422110324e-01 -2.023454569280147552e-02
5.125628140703517577e-01 -3.607627004384994507e-02
5.175879396984924830e-01 -5.190529674291610718e-02
5.226130653266332082e-01 -6.770481914281845093e-02
5.276381909547738225e-01 -8.345779031515121460e-02
5.326633165829145478e-01 -9.914644807577133179e-02
5.376884422110552730e-01 -1.147529110312461853e-01
5.427135678391959983e-01 -1.302595883607864380e-01
5.477386934673367236e-01 -1.456477195024490356e-01
5.527638190954774489e-01 -1.608997136354446411e-01
5.577889447236180631e-01 -1.759973913431167603e-01
5.628140703517587884e-01 -1.909221559762954712e-01
5.678391959798995137e-01 -2.056570798158645630e-01
5.728643216080402389e-01 -2.201829701662063599e-01
5.778894472361809642e-01 -2.344838529825210571e-01
5.829145728643215785e-01 -2.485414892435073853e-01
5.879396984924623037e-01 -2.623396813869476318e-01
5.929648241206030290e-01 -2.758618295192718506e-01
5.979899497487437543e-01 -2.890922725200653076e-01
6.030150753768844796e-01 -3.020157516002655029e-01
6.080402010050250938e-01 -3.146173059940338135e-01
6.130653266331658191e-01 -3.268829882144927979e-01
6.180904522613065444e-01 -3.387993872165679932e-01
6.231155778894472697e-01 -3.503536283969879150e-01
6.281407035175879949e-01 -3.615337908267974854e-01
6.331658291457286092e-01 -3.723285496234893799e-01
6.381909547738693345e-01 -3.827268779277801514e-01
6.432160804020100597e-01 -3.927195370197296143e-01
6.482412060301507850e-01 -4.022969901561737061e-01
6.532663316582915103e-01 -4.114505350589752197e-01
6.582914572864321245e-01 -4.201726615428924561e-01
6.633165829145728498e-01 -4.284564554691314697e-01
6.683417085427135751e-01 -4.362952411174774170e-01
6.733668341708543004e-01 -4.436835944652557373e-01
6.783919597989950256e-01 -4.506162703037261963e-01
6.834170854271356399e-01 -4.570887386798858643e-01
6.884422110552763652e-01 -4.630973041057586670e-01
6.934673366834170904e-01 -4.686382114887237549e-01
6.984924623115578157e-01 -4.737088382244110107e-01
7.035175879396985410e-01 -4.783069193363189697e-01
7.085427135678391553e-01 -4.824304878711700439e-01
7.135678391959798805e-01 -4.860781729221343994e-01
7.185929648241206058e-01 -4.892486035823822021e-01
7.236180904522613311e-01 -4.919413626194000244e-01
7.286432160804020564e-01 -4.941559731960296631e-01
7.336683417085426706e-01 -4.958922564983367920e-01
7.386934673366833959e-01 -4.971503317356109619e-01
7.437185929648241212e-01 -4.979313910007476807e-01
7.487437185929648464e-01 -4.982351958751678467e-01
7.537688442211055717e-01 -4.980634748935699463e-01
7.587939698492462970e-01 -4.974167048931121826e-01
7.638190954773869112e-01 -4.962967932224273682e-01
7.688442211055276365e-01 -4.947052299976348877e-01
7.738693467336683618e-01 -4.926434457302093506e-01
7.788944723618090871e-01 -4.901134669780731201e-01
7.839195979899498123e-01 -4.871172010898590088e-01
7.889447236180904266e-01 -4.836572706699371338e-01
7.939698492462311519e-01 -4.797357618808746338e-01
7.989949748743718771e-01 -4.753550589084625244e-01
8.040201005025126024e-01 -4.705184996128082275e-01
8.090452261306533277e-01 -4.652287662029266357e-01
8.140703517587939420e-01 -4.594890773296356201e-01
8.190954773869346672e-01 -4.533029496669769287e-01
8.241206030150753925e-01 -4.466740787029266357e-01
8.291457286432161178e-01 -4.396068751811981201e-01
8.341708542713568431e-01 -4.321051537990570068e-01
8.391959798994974573e-01 -4.241742789745330811e-01
8.442211055276381826e-01 -4.158188998699188232e-01
8.492462311557789079e-01 -4.070449769496917725e-01
8.542713567839196331e-01 -3.978579938411712646e-01
8.592964824120603584e-01 -3.882648050785064697e-01
8.643216080402009727e-01 -3.782727420330047607e-01
8.693467336683416979e-01 -3.678888976573944092e-01
8.743718592964824232e-01 -3.571216166019439697e-01
8.793969849246231485e-01 -3.459799587726593018e-01
8.844221105527638738e-01 -3.344731628894805908e-01
8.894472361809044880e-01 -3.226113617420196533e-01
8.944723618090452133e-01 -3.104053437709808350e-01
8.994974874371859386e-01 -2.978668510913848877e-01
9.045226130653266639e-01 -2.850079834461212158e-01
9.095477386934673891e-01 -2.718413770198822021e-01
9.145728643216080034e-01 -2.583813965320587158e-01
9.195979899497487287e-01 -2.446414977312088013e-01
9.246231155778894539e-01 -2.306369692087173462e-01
9.296482412060301792e-01 -2.163837105035781860e-01
9.346733668341709045e-01 -2.018978148698806763e-01
9.396984924623115187e-01 -1.871957331895828247e-01
9.447236180904522440e-01 -1.722948104143142700e-01
9.497487437185929693e-01 -1.572126299142837524e-01
9.547738693467336946e-01 -1.419677287340164185e-01
9.597989949748744198e-01 -1.265772134065628052e-01
9.648241206030150341e-01 -1.110605821013450623e-01
9.698492462311557594e-01 -9.543617814779281616e-02
9.748743718592964846e-01 -7.972260564565658569e-02
9.798994974874372099e-01 -6.393834203481674194e-02
9.849246231155779352e-01 -4.810192435979843140e-02
9.899497487437186605e-01 -3.223165124654769897e-02
9.949748743718592747e-01 -1.634581945836544037e-02
1.000000000000000000e+00 -4.614205099642276764e-04
