0.000000000000000000e+00 -2.950447499752044678e-01
5.025125628140703592e-03 -3.078323304653167725e-01
1.005025125628140718e-02 -3.202880918979644775e-01
1.507537688442210991e-02 -3.323985040187835693e-01
2.010050251256281437e-02 -3.441501557826995850e-01
2.512562814070351883e-02 -3.555313646793365479e-01
3.015075376884421982e-02 -3.665301501750946045e-01
3.517587939698492427e-02 -3.771359026432037354e-01
4.020100502512562873e-02 -3.873386681079864502e-01
4.522613065326633319e-02 -3.971292078495025635e-01
5.025125628140703765e-02 -4.064987003803253174e-01
5.527638190954774211e-02 -4.154398739337921143e-01
6.030150753768843963e-02 -4.239456355571746826e-01
6.532663316582915103e-02 -4.320092499256134033e-01
7.035175879396984855e-02 -4.396252930164337158e-01
7.537688442211055995e-02 -4.467889368534088135e-01
8.040201005025125747e-02 -4.534952938556671143e-01
8.542713567839195499e-02 -4.597407281398773193e-01
9.045226130653266639e-02 -4.655219018459320068e-01
9.547738693467336391e-02 -4.708361923694610596e-01
1.005025125628140753e-01 -4.756813943386077881e-01
1.055276381909547728e-01 -4.800552427768707275e-01
1.105527638190954842e-01 -4.839564859867095947e-01
1.155778894472361817e-01 -4.873840510845184326e-01
1.206030150753768793e-01 -4.903372824192047119e-01
1.256281407035175768e-01 -4.928156435489654541e-01
1.306532663316583021e-01 -4.948186576366424561e-01
1.356783919597989996e-01 -4.963470995426177979e-01
1.407035175879396971e-01 -4.974009692668914795e-01
1.457286432160803946e-01 -4.979811012744903564e-01
1.507537688442211199e-01 -4.980878531932830811e-01
1.557788944723618174e-01 -4.977220594882965088e-01
1.608040201005025149e-01 -4.968852698802947998e-01
1.658291457286432125e-01 -4.955786764621734619e-01
1.708542713567839100e-01 -4.938035905361175537e-01
1.758793969849246352e-01 -4.915612041950225830e-01
1.809045226130653328e-01 -4.888536632061004639e-01
1.859296482412060303e-01 -4.856828153133392334e-01
1.909547738693467278e-01 -4.820505082607269287e-01
1.959798994974874531e-01 -4.779586493968963623e-01
2.010050251256281506e-01 -4.734096825122833252e-01
2.060301507537688481e-01 -4.684064686298370361e-01
2.110552763819095456e-01 -4.629515111446380615e-01
2.160804020100502432e-01 -4.570476114749908447e-01
2.211055276381909684e-01 -4.506984055042266846e-01
2.261306532663316660e-01 -4.439069926738739014e-01
2.311557788944723635e-01 -4.366774260997772217e-01
2.361809045226130610e-01 -4.290139973163604736e-01
2.412060301507537585e-01 -4.209210574626922607e-01
2.462311557788944838e-01 -4.124037921428680420e-01
2.512562814070351536e-01 -4.034679234027862549e-01
2.562814070351758788e-01 -3.941195309162139893e-01
2.613065326633166041e-01 -3.843642771244049072e-01
2.663316582914572739e-01 -3.742102086544036865e-01
2.713567839195979992e-01 -3.636647760868072510e-01
2.763819095477387244e-01 -3.527362644672393799e-01
2.814070351758793942e-01 -3.414337933063507080e-01
2.864321608040201195e-01 -3.297671377658843994e-01
2.914572864321607892e-01 -3.177468478679656982e-01
2.964824120603015145e-01 -3.053842484951019287e-01
3.015075376884422398e-01 -2.926909625530242920e-01
3.065326633165829096e-01 -2.796801030635833740e-01
3.115577889447236348e-01 -2.663650214672088623e-01
3.165829145728643046e-01 -2.527597844600677490e-01
3.216080402010050299e-01 -2.388795167207717896e-01
3.266331658291457551e-01 -2.247398644685745239e-01
3.316582914572864249e-01 -2.103566676378250122e-01
3.366834170854271502e-01 -1.957476884126663208e-01
3.417085427135678199e-01 -1.809297353029251099e-01
3.467336683417085452e-01 -1.659206897020339966e-01
3.517587939698492705e-01 -1.507386118173599243e-01
3.567839195979899403e-01 -1.354025751352310181e-01
3.618090452261306655e-01 -1.199313625693321228e-01
3.668341708542713353e-01 -1.043438538908958435e-01
3.718592964824120606e-01 -8.865883201360702515e-02
3.768844221105527859e-01 -7.289560884237289429e-02
3.819095477386934556e-01 -5.707343667745590210e-02
3.869346733668341809e-01 -4.121073335409164429e-02
3.919597989949749062e-01 -2.532573603093624115e-02
3.969849246231155759e-01 -9.436329826712608337e-03
4.020100502512563012e-01 6.439366843551397324e-03
4.070351758793969710e-01 2.228454686701297760e-02
4.120603015075376963e-01 3.808251768350601196e-02
4.170854271356784215e-01 5.381742864847183228e-02
4.221105527638190913e-01 6.947389990091323853e-02
4.271356783919598166e-01 8.503703027963638306e-02
4.321608040201004863e-01 1.004927530884742737e-01
4.371859296482412116e-01 1.158274784684181213e-01
4.422110552763819369e-01 1.310283392667770386e-01
4.472361809045226066e-01 1.460823267698287964e-01
4.522613065326633319e-01 1.609778851270675659e-01
4.572864321608040017e-01 1.757035702466964722e-01
4.623115577889447270e-01 1.902478188276290894e-01
4.673366834170854522e-01 2.045995444059371948e-01
4.723618090452261220e-01 2.187478989362716675e-01
4.773869346733668473e-01 2.326821535825729370e-01
4.824120603015075170e-01 2.463916987180709839e-01
4.874371859296482423e-01 2.598659098148345947e-01
4.924623115577889676e-01 2.730942070484161377e-01
4.974874371859296374e-01 2.860651910305023193e-01
5.025125628140703071e-01 2.987680733203887939e-01
5.075376884422110324e-01 3.111914694309234619e-01
5.125628140703517577e-01 3.233238756656646729e-01
5.175879396984924830e-01 3.351536691188812256e-01
5.226130653266332082e-01 3.466688096523284912e-01
5.276381909547738225e-01 3.578572571277618408e-01
5.326633165829145478e-01 3.687067329883575439e-01
5.376884422110552730e-01 3.792049586772918701e-01
5.427135678391959983e-01 3.893395960330963135e-01
5.477386934673367236e-01 3.990980088710784912e-01
5.527638190954774489e-01 4.084686934947967529e-01
5.577889447236180631e-01 4.174389541149139404e-01
5.628140703517587884e-01 4.259972274303436279e-01
5.678391959798995137e-01 4.341322481632232666e-01
5.728643216080402389e-01 4.418330490589141846e-01
5.778894472361809642e-01 4.490893185138702393e-01
5.829145728643215785e-01 4.558907449245452881e-01
5.879396984924623037e-01 4.622287452220916748e-01
5.929648241206030290e-01 4.680940806865692139e-01
5.979899497487437543e-01 4.734800159931182861e-01
6.030150753768844796e-01 4.783789217472076416e-01
6.080402010050250938e-01 4.827847182750701904e-01
6.130653266331658191e-01 4.866922795772552490e-01
6.180904522613065444e-01 4.900970757007598877e-01
6.231155778894472697e-01 4.929957091808319092e-01
6.281407035175879949e-01 4.953853189945220947e-01
6.331658291457286092e-01 4.972639977931976318e-01
6.381909547738693345e-01 4.986307322978973389e-01
6.432160804020100597e-01 4.994853436946868896e-01
6.482412060301507850e-01 4.998280107975006104e-01
6.532663316582915103e-01 4.996600449085235596e-01
6.582914572864321245e-01 4.989835321903228760e-01
6.633165829145728498e-01 4.978006184101104736e-01
6.683417085427135751e-01 4.961144030094146729e-01
6.733668341708543004e-01 4.939288794994354248e-01
6.783919597989950256e-01 4.912482202053070068e-01
6.834170854271356399e-01 4.880767166614532471e-01
6.884422110552763652e-01 4.844197332859039307e-01
6.934673366834170904e-01 4.802828133106231689e-01
6.984924623115578157e-01 4.756717979907989502e-01
7.035175879396985410e-01 4.705931842327117920e-01
7.085427135678391553e-01 4.650532901287078857e-01
7.135678391959798805e-01 4.590589702129364014e-01
7.185929648241206058e-01 4.526176154613494873e-01
7.236180904522613311e-01 4.457361996173858643e-01
7.286432160804020564e-01 4.384228885173797607e-01
7.336683417085426706e-01 4.306853115558624268e-01
7.386934673366833959e-01 4.225313365459442139e-01
7.437185929648241212e-01 4.139697849750518799e-01
7.487437185929648464e-01 4.050087630748748779e-01
7.537688442211055717e-01 3.956569135189056396e-01
7.587939698492462970e-01 3.859234154224395752e-01
7.638190954773869112e-01 3.758173286914825439e-01
7.688442211055276365e-01 3.653478920459747314e-01
7.738693467336683618e-01 3.545248210430145264e-01
7.788944723618090871e-01 3.433572351932525635e-01
7.839195979899498123e-01 3.318559229373931885e-01
7.889447236180904266e-01 3.200305402278900146e-01
7.939698492462311519e-01 3.078913986682891846e-01
7.989949748743718771e-01 2.954501807689666748e-01
8.040201005025126024e-01 2.827164232730865479e-01
8.090452261306533277e-01 2.697021067142486572e-01
8.140703517587939420e-01 2.564187347888946533e-01
8.190954773869346672e-01 2.428774684667587280e-01
8.241206030150753925e-01 2.290909141302108765e-01
8.291457286432161178e-01 2.150711268186569214e-01
8.341708542713568431e-01 2.008305639028549194e-01
8.391959798994974573e-01 1.863823980093002319e-01
8.442211055276381826e-01 1.717398613691329956e-01
8.492462311557789079e-01 1.569155901670455933e-01
8.542713567839196331e-01 1.419241875410079956e-01
8.592964824120603584e-01 1.267796009778976440e-01
8.643216080402009727e-01 1.114960685372352600e-01
8.693467336683416979e-01 9.608820825815200806e-02
8.743718592964824232e-01 8.057079464197158813e-02
8.793969849246231485e-01 6.495914608240127563e-02
8.844221105527638738e-01 4.926864057779312134e-02
8.894472361809044880e-01 3.351501375436782837e-02
8.944723618090452133e-01 1.771406270563602448e-02
8.994974874371859386e-01 1.881518866866827011e-03
9.045226130653266639e-01 -1.396568678319454193e-02
9.095477386934673891e-01 -2.981164120137691498e-02
9.145728643216080034e-01 -4.564001411199569702e-02
9.195979899497487287e-01 -6.143357604742050171e-02
9.246231155778894539e-01 -7.717587798833847046e-02
9.296482412060301792e-01 -9.285017102956771851e-02
9.346733668341709045e-01 -1.084397062659263611e-01
9.396984924623115187e-01 -1.239274367690086365e-01
9.447236180904522440e-01 -1.392968446016311646e-01
9.497487437185929693e-01 -1.545306891202926636e-01
9.547738693467336946e-01 -1.696131676435470581e-01
9.597989949748744198e-01 -1.845273226499557495e-01
9.648241206030150341e-01 -1.992564946413040161e-01
9.698492462311557594e-01 -2.137850672006607056e-01
9.748743718592964846e-01 -2.280970066785812378e-01
9.798994974874372099e-01 -2.421766370534896851e-01
9.849246231155779352e-01 -2.560084760189056396e-01
9.899497487437186605e-01 -2.695772349834442139e-01
9.949748743718592747e-01 -2.828682959079742432e-01
1.000000000000000000e+00 -2.958676517009735107e-01
