0.000000000000000000e+00 1.558451913297176361e-04
5.025125628140703592e-03 1.599256135523319244e-02
1.005025125628140718e-02 3.178802877664566040e-02
1.507537688442210991e-02 4.752615839242935181e-02
2.010050251256281437e-02 6.319192796945571899e-02
2.512562814070351883e-02 7.877043634653091431e-02
3.015075376884421982e-02 9.424785524606704712e-02
3.517587939698492427e-02 1.096108332276344299e-01
4.020100502512562873e-02 1.248463764786720276e-01
4.522613065326633319e-02 1.399423331022262573e-01
5.025125628140703765e-02 1.548864096403121948e-01
5.527638190954774211e-02 1.696677654981613159e-01
6.030150753768843963e-02 1.842745989561080933e-01
6.532663316582915103e-02 1.986967772245407104e-01
7.035175879396984855e-02 2.129229754209518433e-01
7.537688442211055995e-02 2.269423454999923706e-01
8.040201005025125747e-02 2.407452315092086792e-01
8.542713567839195499e-02 2.543202936649322510e-01
9.045226130653266639e-02 2.676571905612945557e-01
9.547738693467336391e-02 2.807445824146270752e-01
1.005025125628140753e-01 2.935713827610015869e-01
1.055276381909547728e-01 3.061263859272003174e-01
1.105527638190954842e-01 3.183977305889129639e-01
1.155778894472361817e-01 3.303736746311187744e-01
1.206030150753768793e-01 3.420418798923492432e-01
1.256281407035175768e-01 3.533902466297149658e-01
1.306532663316583021e-01 3.644060194492340088e-01
1.356783919597989996e-01 3.750766217708587646e-01
1.407035175879396971e-01 3.853888213634490967e-01
1.457286432160803946e-01 3.953303992748260498e-01
1.507537688442211199e-01 4.048887789249420166e-01
1.557788944723618174e-01 4.140509665012359619e-01
1.608040201005025149e-01 4.228048026561737061e-01
1.658291457286432125e-01 4.311387836933135986e-01
1.708542713567839100e-01 4.390411078929901123e-01
1.758793969849246352e-01 4.465012252330780029e-01
1.809045226130653328e-01 4.535083472728729248e-01
1.859296482412060303e-01 4.600530564785003662e-01
1.909547738693467278e-01 4.661263525485992432e-01
1.959798994974874531e-01 4.717202484607696533e-01
2.010050251256281506e-01 4.768270552158355713e-01
2.060301507537688481e-01 4.814405739307403564e-01
2.110552763819095456e-01 4.855550825595855713e-01
2.160804020100502432e-01 4.891659319400787354e-01
2.211055276381909684e-01 4.922688901424407959e-01
2.261306532663316660e-01 4.948615729808807373e-01
2.311557788944723635e-01 4.969415962696075439e-01
2.361809045226130610e-01 4.985076487064361572e-01
2.412060301507537585e-01 4.995592534542083740e-01
2.462311557788944838e-01 5.000972151756286621e-01
2.512562814070351536e-01 5.001220703125000000e-01
2.562814070351758788e-01 4.996353685855865479e-01
2.613065326633166041e-01 4.986404478549957275e-01
2.663316582914572739e-01 4.971401989459991455e-01
2.713567839195979992e-01 4.951378405094146729e-01
2.763819095477387244e-01 4.926375448703765869e-01
2.814070351758793942e-01 4.896446764469146729e-01
2.864321608040201195e-01 4.861635267734527588e-01
2.914572864321607892e-01 4.822002351284027100e-01
2.964824120603015145e-01 4.777605235576629639e-01
3.015075376884422398e-01 4.728507101535797119e-01
3.065326633165829096e-01 4.674776494503021240e-01
3.115577889447236348e-01 4.616477787494659424e-01
3.165829145728643046e-01 4.553687870502471924e-01
3.216080402010050299e-01 4.486477673053741455e-01
3.266331658291457551e-01 4.414923489093780518e-01
3.316582914572864249e-01 4.339106380939483643e-01
3.366834170854271502e-01 4.259105026721954346e-01
3.417085427135678199e-01 4.175002872943878174e-01
3.467336683417085452e-01 4.086885154247283936e-01
3.517587939698492705e-01 3.994836509227752686e-01
3.567839195979899403e-01 3.898947536945343018e-01
3.618090452261306655e-01 3.799308836460113525e-01
3.668341708542713353e-01 3.696015179157257080e-01
3.718592964824120606e-01 3.589154779911041260e-01
3.768844221105527859e-01 3.478828370571136475e-01
3.819095477386934556e-01 3.365133702754974365e-01
3.869346733668341809e-01 3.248170912265777588e-01
3.919597989949749062e-01 3.128044903278350830e-01
3.969849246231155759e-01 3.004855215549468994e-01
4.020100502512563012e-01 2.878716289997100830e-01
4.070351758793969710e-01 2.749738395214080811e-01
4.120603015075376963e-01 2.618031799793243408e-01
4.170854271356784215e-01 2.483707517385482788e-01
4.221105527638190913e-01 2.346889227628707886e-01
4.271356783919598166e-01 2.207699865102767944e-01
4.321608040201004863e-01 2.066259831190109253e-01
4.371859296482412116e-01 1.922693699598312378e-01
4.422110552763819369e-01 1.777135580778121948e-01
4.472361809045226066e-01 1.629719585180282593e-01
4.522613065326633319e-01 1.480573266744613647e-01
4.572864321608040017e-01 1.329842060804367065e-01
4.623115577889447270e-01 1.177662387490272522e-01
4.673366834170854522e-01 1.024186387658119202e-01
4.723618090452261220e-01 8.695540577173233032e-02
4.773869346733668473e-01 7.139173895120620728e-02
4.824120603015075170e-01 5.574265867471694946e-02
4.874371859296482423e-01 4.002384096384048462e-02
4.924623115577889676e-01 2.425108291208744049e-02
4.974874371859296374e-01 8.440176025032997131e-03
5.025125628140703071e-01 -7.393023464828729630e-03
5.075376884422110324e-01 -2.323230169713497162e-02
5.125628140703517577e-01 -3.906055539846420288e-02
5.175879396984924830e-01 -5.486198514699935913e-02
5.226130653266332082e-01 -7.061924785375595093e-02
5.276381909547738225e-01 -8.631702512502670288e-02
5.326633165829145478e-01 -1.019364222884178162e-01
5.376884422110552730e-01 -1.174628362059593201e-01
5.427135678391959983e-01 -1.328784376382827759e-01
5.477386934673367236e-01 -1.481661349534988403e-01
5.527638190954774489e-01 -1.633102446794509888e-01
5.577889447236180631e-01 -1.782941669225692749e-01
5.628140703517587884e-01 -1.931001693010330200e-01
5.678391959798995137e-01 -2.077135592699050903e-01
5.728643216080402389e-01 -2.221175283193588257e-01
5.778894472361809642e-01 -2.362969070672988892e-01
5.829145728643215785e-01 -2.502358555793762207e-01
5.879396984924623037e-01 -2.639189660549163818e-01
5.929648241206030290e-01 -2.773317098617553711e-01
5.979899497487437543e-01 -2.904588878154754639e-01
6.030150753768844796e-01 -3.032872974872589111e-01
6.080402010050250938e-01 -3.158024251461029053e-01
6.130653266331658191e-01 -3.279912173748016357e-01
6.180904522613065444e-01 -3.398404419422149658e-01
6.231155778894472697e-01 -3.513382971286773682e-01
6.281407035175879949e-01 -3.624720275402069092e-01
6.331658291457286092e-01 -3.732309043407440186e-01
6.381909547738693345e-01 -3.836032450199127197e-01
6.432160804020100597e-01 -3.935795724391937256e-01
6.482412060301507850e-01 -4.031491577625274658e-01
6.532663316582915103e-01 -4.123028218746185303e-01
6.582914572864321245e-01 -4.210321605205535889e-01
6.633165829145728498e-01 -4.293288290500640869e-01
6.683417085427135751e-01 -4.371846616268157959e-01
6.733668341708543004e-01 -4.445928633213043213e-01
6.783919597989950256e-01 -4.515476524829864502e-01
6.834170854271356399e-01 -4.580421745777130127e-01
6.884422110552763652e-01 -4.640709459781646729e-01
6.934673366834170904e-01 -4.696291387081146240e-01
6.984924623115578157e-01 -4.747132360935211182e-01
7.035175879396985410e-01 -4.793187081813812256e-01
7.085427135678391553e-01 -4.834426939487457275e-01
7.135678391959798805e-01 -4.870820343494415283e-01
7.185929648241206058e-01 -4.902347028255462646e-01
7.236180904522613311e-01 -4.928993880748748779e-01
7.286432160804020564e-01 -4.950743615627288818e-01
7.336683417085426706e-01 -4.967592656612396240e-01
7.386934673366833959e-01 -4.979539811611175537e-01
7.437185929648241212e-01 -4.986579120159149170e-01
7.487437185929648464e-01 -4.988723099231719971e-01
7.537688442211055717e-01 -4.985985457897186279e-01
7.587939698492462970e-01 -4.978377521038055420e-01
7.638190954773869112e-01 -4.965917766094207764e-01
7.688442211055276365e-01 -4.948634207248687744e-01
7.738693467336683618e-01 -4.926545321941375732e-01
7.788944723618090871e-01 -4.899686872959136963e-01
7.839195979899498123e-01 -4.868092834949493408e-01
7.889447236180904266e-01 -4.831804335117340088e-01
7.939698492462311519e-01 -4.790857136249542236e-01
7.989949748743718771e-01 -4.745299518108367920e-01
8.040201005025126024e-01 -4.695174992084503174e-01
8.090452261306533277e-01 -4.640538394451141357e-01
8.140703517587939420e-01 -4.581440389156341553e-01
8.190954773869346672e-01 -4.517935812473297119e-01
8.241206030150753925e-01 -4.450092017650604248e-01
8.291457286432161178e-01 -4.377962648868560791e-01
8.341708542713568431e-01 -4.301611483097076416e-01
8.391959798994974573e-01 -4.221111238002777100e-01
8.442211055276381826e-01 -4.136528074741363525e-01
8.492462311557789079e-01 -4.047934412956237793e-01
8.542713567839196331e-01 -3.955402076244354248e-01
8.592964824120603584e-01 -3.859010040760040283e-01
8.643216080402009727e-01 -3.758829534053802490e-01
8.693467336683416979e-01 -3.654949367046356201e-01
8.743718592964824232e-01 -3.547445833683013916e-01
8.793969849246231485e-01 -3.436402380466461182e-01
8.844221105527638738e-01 -3.321906924247741699e-01
8.894472361809044880e-01 -3.204042613506317139e-01
8.944723618090452133e-01 -3.082902133464813232e-01
8.994974874371859386e-01 -2.958568036556243896e-01
9.045226130653266639e-01 -2.831143736839294434e-01
9.095477386934673891e-01 -2.700707316398620605e-01
9.145728643216080034e-01 -2.567363679409027100e-01
9.195979899497487287e-01 -2.431196719408035278e-01
9.246231155778894539e-01 -2.292308956384658813e-01
9.296482412060301792e-01 -2.150796502828598022e-01
9.346733668341709045e-01 -2.006752938032150269e-01
9.396984924623115187e-01 -1.860278695821762085e-01
9.447236180904522440e-01 -1.711471229791641235e-01
9.497487437185929693e-01 -1.560426503419876099e-01
9.547738693467336946e-01 -1.407246738672256470e-01
9.597989949748744198e-01 -1.252029091119766235e-01
9.648241206030150341e-01 -1.094872877001762390e-01
9.698492462311557594e-01 -9.358789771795272827e-02
9.748743718592964846e-01 -7.751407474279403687e-02
9.798994974874372099e-01 -6.127621978521347046e-02
9.849246231155779352e-01 -4.488425701856613159e-02
9.899497487437186605e-01 -2.834673784673213959e-02
9.949748743718592747e-01 -1.167519949376583099e-02
1.000000000000000000e+00 5.122044589370489120e-03
