0.000000000000000000e+00 2.943301498889923096e-01
5.025125628140703592e-03 2.815800607204437256e-01
1.005025125628140718e-02 2.685641944408416748e-01
1.507537688442210991e-02 2.552942335605621338e-01
2.010050251256281437e-02 2.417812198400497437e-01
2.512562814070351883e-02 2.280347794294357300e-01
3.015075376884421982e-02 2.140668481588363647e-01
3.517587939698492427e-02 1.998873800039291382e-01
4.020100502512562873e-02 1.855075806379318237e-01
4.522613065326633319e-02 1.709390133619308472e-01
5.025125628140703765e-02 1.561924666166305542e-01
5.527638190954774211e-02 1.412798613309860229e-01
6.030150753768843963e-02 1.262130588293075562e-01
6.532663316582915103e-02 1.110040321946144104e-01
7.035175879396984855e-02 9.566584974527359009e-02
7.537688442211055995e-02 8.021137863397598267e-02
8.040201005025125747e-02 6.465408951044082642e-02
8.542713567839195499e-02 4.900787025690078735e-02
9.045226130653266639e-02 3.328714519739151001e-02
9.547738693467336391e-02 1.750705577433109283e-02
1.005025125628140753e-01 1.682975795120000839e-03
1.055276381909547728e-01 -1.416947506368160248e-02
1.105527638190954842e-01 -3.003372810781002045e-02
1.155778894472361817e-01 -4.589297622442245483e-02
1.206030150753768793e-01 -6.173058599233627319e-02
1.256281407035175768e-01 -7.752837985754013062e-02
1.306532663316583021e-01 -9.326901286840438843e-02
1.356783919597989996e-01 -1.089341863989830017e-01
1.407035175879396971e-01 -1.245055422186851501e-01
1.457286432160803946e-01 -1.399651914834976196e-01
1.507537688442211199e-01 -1.552940756082534790e-01
1.557788944723618174e-01 -1.704741269350051880e-01
1.608040201005025149e-01 -1.854866296052932739e-01
1.658291457286432125e-01 -2.003135830163955688e-01
1.708542713567839100e-01 -2.149371057748794556e-01
1.758793969849246352e-01 -2.293387800455093384e-01
1.809045226130653328e-01 -2.435015588998794556e-01
1.859296482412060303e-01 -2.574084699153900146e-01
1.909547738693467278e-01 -2.710427939891815186e-01
1.959798994974874531e-01 -2.843884527683258057e-01
2.010050251256281506e-01 -2.974297106266021729e-01
2.060301507537688481e-01 -3.101520240306854248e-01
2.110552763819095456e-01 -3.225408494472503662e-01
2.160804020100502432e-01 -3.345827162265777588e-01
2.211055276381909684e-01 -3.462648689746856689e-01
2.261306532663316660e-01 -3.575747907161712646e-01
2.311557788944723635e-01 -3.685015141963958740e-01
2.361809045226130610e-01 -3.790340721607208252e-01
2.412060301507537585e-01 -3.891623318195343018e-01
2.462311557788944838e-01 -3.988773524761199951e-01
2.512562814070351536e-01 -4.081710875034332275e-01
2.562814070351758788e-01 -4.170347750186920166e-01
2.613065326633166041e-01 -4.254623353481292725e-01
2.663316582914572739e-01 -4.334470927715301514e-01
2.713567839195979992e-01 -4.409832656383514404e-01
2.763819095477387244e-01 -4.480661451816558838e-01
2.814070351758793942e-01 -4.546912014484405518e-01
2.864321608040201195e-01 -4.608542025089263916e-01
2.914572864321607892e-01 -4.665524065494537354e-01
2.964824120603015145e-01 -4.717824757099151611e-01
3.015075376884422398e-01 -4.765425622463226318e-01
3.065326633165829096e-01 -4.808306992053985596e-01
3.115577889447236348e-01 -4.846453368663787842e-01
3.165829145728643046e-01 -4.879852235317230225e-01
3.216080402010050299e-01 -4.908501803874969482e-01
3.266331658291457551e-01 -4.932390153408050537e-01
3.316582914572864249e-01 -4.951523244380950928e-01
3.366834170854271502e-01 -4.965898692607879639e-01
3.417085427135678199e-01 -4.975520670413970947e-01
3.467336683417085452e-01 -4.980400502681732178e-01
3.517587939698492705e-01 -4.980538785457611084e-01
3.567839195979899403e-01 -4.975950419902801514e-01
3.618090452261306655e-01 -4.966642558574676514e-01
3.668341708542713353e-01 -4.952636659145355225e-01
3.718592964824120606e-01 -4.933938682079315186e-01
3.768844221105527859e-01 -4.910572469234466553e-01
3.819095477386934556e-01 -4.882549941539764404e-01
3.869346733668341809e-01 -4.849894344806671143e-01
3.919597989949749062e-01 -4.812625348567962646e-01
3.969849246231155759e-01 -4.770766198635101318e-01
4.020100502512563012e-01 -4.724341928958892822e-01
4.070351758793969710e-01 -4.673375785350799561e-01
4.120603015075376963e-01 -4.617901742458343506e-01
4.170854271356784215e-01 -4.557950794696807861e-01
4.221105527638190913e-01 -4.493551552295684814e-01
4.271356783919598166e-01 -4.424743354320526123e-01
4.321608040201004863e-01 -4.351567924022674561e-01
4.371859296482412116e-01 -4.274064004421234131e-01
4.422110552763819369e-01 -4.192287623882293701e-01
4.472361809045226066e-01 -4.106281697750091553e-01
4.522613065326633319e-01 -4.016111195087432861e-01
4.572864321608040017e-01 -3.921829164028167725e-01
4.623115577889447270e-01 -3.823505342006683350e-01
4.673366834170854522e-01 -3.721214830875396729e-01
4.723618090452261220e-01 -3.615035116672515869e-01
4.773869346733668473e-01 -3.505048453807830811e-01
4.824120603015075170e-01 -3.391350805759429932e-01
4.874371859296482423e-01 -3.274038732051849365e-01
4.924623115577889676e-01 -3.153216540813446045e-01
4.974874371859296374e-01 -3.028999269008636475e-01
5.025125628140703071e-01 -2.901506721973419189e-01
5.075376884422110324e-01 -2.770863473415374756e-01
5.125628140703517577e-01 -2.637215554714202881e-01
5.175879396984924830e-01 -2.500693500041961670e-01
5.226130653266332082e-01 -2.361453920602798462e-01
5.276381909547738225e-01 -2.219649106264114380e-01
5.326633165829145478e-01 -2.075443416833877563e-01
5.376884422110552730e-01 -1.929010301828384399e-01
5.427135678391959983e-01 -1.780511885881423950e-01
5.477386934673367236e-01 -1.630138903856277466e-01
5.527638190954774489e-01 -1.478063613176345825e-01
5.577889447236180631e-01 -1.324474960565567017e-01
5.628140703517587884e-01 -1.169567927718162537e-01
5.678391959798995137e-01 -1.013520583510398865e-01
5.728643216080402389e-01 -8.565291017293930054e-02
5.778894472361809642e-01 -6.987794488668441772e-02
5.829145728643215785e-01 -5.404623597860336304e-02
5.879396984924623037e-01 -3.817673772573471069e-02
5.929648241206030290e-01 -2.228697203099727631e-02
5.979899497487437543e-01 -6.395420525223016739e-03
6.030150753768844796e-01 9.480157867074012756e-03
6.080402010050250938e-01 2.532331086695194244e-02
6.130653266331658191e-01 4.111699014902114868e-02
6.180904522613065444e-01 5.684546381235122681e-02
6.231155778894472697e-01 7.249370962381362915e-02
6.281407035175879949e-01 8.804634958505630493e-02
6.331658291457286092e-01 1.034889593720436096e-01
6.381909547738693345e-01 1.188086643815040588e-01
6.432160804020100597e-01 1.339922398328781128e-01
6.482412060301507850e-01 1.490270346403121948e-01
6.532663316582915103e-01 1.639007776975631714e-01
6.582914572864321245e-01 1.786015480756759644e-01
6.633165829145728498e-01 1.931187361478805542e-01
6.683417085427135751e-01 2.074401825666427612e-01
6.733668341708543004e-01 2.215553969144821167e-01
6.783919597989950256e-01 2.354535311460494995e-01
6.834170854271356399e-01 2.491238564252853394e-01
6.884422110552763652e-01 2.625553905963897705e-01
6.934673366834170904e-01 2.757371962070465088e-01
6.984924623115578157e-01 2.886584103107452393e-01
7.035175879396985410e-01 3.013080060482025146e-01
7.085427135678391553e-01 3.136743605136871338e-01
7.135678391959798805e-01 3.257459700107574463e-01
7.185929648241206058e-01 3.375112116336822510e-01
7.236180904522613311e-01 3.489580452442169189e-01
7.286432160804020564e-01 3.600747883319854736e-01
7.336683417085426706e-01 3.708488643169403076e-01
7.386934673366833959e-01 3.812682926654815674e-01
7.437185929648241212e-01 3.913204967975616455e-01
7.487437185929648464e-01 4.009936153888702393e-01
7.537688442211055717e-01 4.102756679058074951e-01
7.587939698492462970e-01 4.191547334194183350e-01
7.638190954773869112e-01 4.276192486286163330e-01
7.688442211055276365e-01 4.356585443019866943e-01
7.738693467336683618e-01 4.432609379291534424e-01
7.788944723618090871e-01 4.504171311855316162e-01
7.839195979899498123e-01 4.571172297000885010e-01
7.889447236180904266e-01 4.633522927761077881e-01
7.939698492462311519e-01 4.691142737865447998e-01
7.989949748743718771e-01 4.743953049182891846e-01
8.040201005025126024e-01 4.791890084743499756e-01
8.090452261306533277e-01 4.834893047809600830e-01
8.140703517587939420e-01 4.872912466526031494e-01
8.190954773869346672e-01 4.905904829502105713e-01
8.241206030150753925e-01 4.933837354183197021e-01
8.291457286432161178e-01 4.956683218479156494e-01
8.341708542713568431e-01 4.974425733089447021e-01
8.391959798994974573e-01 4.987055361270904541e-01
8.442211055276381826e-01 4.994573295116424561e-01
8.492462311557789079e-01 4.996980726718902588e-01
8.542713567839196331e-01 4.994290173053741455e-01
8.592964824120603584e-01 4.986522495746612549e-01
8.643216080402009727e-01 4.973705112934112549e-01
8.693467336683416979e-01 4.955866634845733643e-01
8.743718592964824232e-01 4.933045804500579834e-01
8.793969849246231485e-01 4.905284345149993896e-01
8.844221105527638738e-01 4.872627556324005127e-01
8.894472361809044880e-01 4.835127890110015869e-01
8.944723618090452133e-01 4.792839586734771729e-01
8.994974874371859386e-01 4.745828211307525635e-01
9.045226130653266639e-01 4.694147408008575439e-01
9.095477386934673891e-01 4.637868702411651611e-01
9.145728643216080034e-01 4.577063024044036865e-01
9.195979899497487287e-01 4.511797130107879639e-01
9.246231155778894539e-01 4.442147314548492432e-01
9.296482412060301792e-01 4.368187487125396729e-01
9.346733668341709045e-01 4.289999902248382568e-01
9.396984924623115187e-01 4.207665622234344482e-01
9.447236180904522440e-01 4.121266305446624756e-01
9.497487437185929693e-01 4.030889570713043213e-01
9.547738693467336946e-01 3.936622440814971924e-01
9.597989949748744198e-01 3.838554322719573975e-01
9.648241206030150341e-01 3.736775219440460205e-01
9.698492462311557594e-01 3.631381094455718994e-01
9.748743718592964846e-01 3.522470295429229736e-01
9.798994974874372099e-01 3.410131037235260010e-01
9.849246231155779352e-01 3.294478952884674072e-01
9.899497487437186605e-01 3.175604045391082764e-01
9.949748743718592747e-01 3.053618967533111572e-01
1.000000000000000000e+00 2.928628027439117432e-01
